0.000000000000000000e+00 6.903289360392317349e+02 1.423008021501653047e+03
1.666666666666666644e-02 6.854086674334181453e+02 1.423008021501652820e+03
3.333333333333333287e-02 6.712007007851693743e+02 1.423008021501652365e+03
5.000000000000000278e-02 6.493635536020632344e+02 1.423008021501651911e+03
6.666666666666666574e-02 6.226614217300625569e+02 1.423008021501651683e+03
8.333333333333332871e-02 5.958266084574555634e+02 1.423008021501651001e+03
1.000000000000000056e-01 5.710009706797427498e+02 1.423008021501651001e+03
1.166666666666666685e-01 5.476253510657978723e+02 1.423008021501651456e+03
1.333333333333333315e-01 5.239085507074370298e+02 1.423008021501652138e+03
1.499999999999999944e-01 5.001917503490761874e+02 1.423008021501651911e+03
1.666666666666666574e-01 4.764749499907154018e+02 1.423008021501651911e+03
1.833333333333333204e-01 4.527581496323545025e+02 1.423008021501651456e+03
2.000000000000000111e-01 4.290413492739935464e+02 1.423008021501651456e+03
2.166666666666666741e-01 4.053245489156327608e+02 1.423008021501651911e+03
2.333333333333333370e-01 3.816077485572718615e+02 1.423008021501651911e+03
2.500000000000000000e-01 3.578909481989109622e+02 1.423008021501651456e+03
2.666666666666666630e-01 3.341741478405501198e+02 1.423008021501651456e+03
2.833333333333333259e-01 3.104573474821892205e+02 1.423008021501651911e+03
2.999999999999999889e-01 2.867405471238284349e+02 1.423008021501652138e+03
3.166666666666666519e-01 2.630237467654675356e+02 1.423008021501652138e+03
3.333333333333333148e-01 2.393069464071066648e+02 1.423008021501652593e+03
3.499999999999999778e-01 2.155901460487457939e+02 1.423008021501652820e+03
3.666666666666666408e-01 1.918733456903848662e+02 1.420564991819911711e+03
3.833333333333333037e-01 1.682379796547487274e+02 1.427231892652855322e+03
4.000000000000000222e-01 1.442989492686230619e+02 1.455363333861204865e+03
4.166666666666666852e-01 1.197258685260418929e+02 1.483848425223675804e+03
4.333333333333333481e-01 9.483733509450053134e+01 1.464120500645802167e+03
4.500000000000000111e-01 7.092185183784849301e+01 1.364328847159425095e+03
4.666666666666666741e-01 4.935970685585302675e+01 1.187240492103602946e+03
4.833333333333333370e-01 3.134716876772839811e+01 9.517383301219227860e+02
5.000000000000000000e-01 1.763509585178892891e+01 6.893093805079985259e+02
5.166666666666666075e-01 8.370189417461777026e+00 4.363330352093966553e+02
5.333333333333333259e-01 3.090661344809046085e+00 2.266538639685968519e+02
5.500000000000000444e-01 8.150606185085503830e-01 9.494368722869805310e+01
5.666666666666666519e-01 -7.412822948089031749e-02 4.893168644643014176e+01
5.833333333333333703e-01 -8.159955963724545569e-01 5.124594268324450752e+01
5.999999999999999778e-01 -1.782326318922374142e+00 5.371295161049231126e+01
6.166666666666666963e-01 -2.606427316722198295e+00 3.929500027333191525e+01
6.333333333333333037e-01 -3.092159661366770784e+00 1.577525637875174169e+01
6.500000000000000222e-01 -3.132269196013922397e+00 -9.587136451088687394e+00
6.666666666666666297e-01 -2.772588446330481293e+00 -2.827035458920250122e+01
6.833333333333333481e-01 -2.189924043040505808e+00 -3.446400590378930673e+01
6.999999999999999556e-01 -1.623788249537504669e+00 -2.703546400015174456e+01
7.166666666666666741e-01 -1.288741909702113997e+00 -1.009587985116143294e+01
7.333333333333332815e-01 -1.287258921165456815e+00 8.535536416603621390e+00
7.500000000000000000e-01 -1.573259790255568058e+00 2.166184828439853405e+01
7.666666666666666075e-01 -2.009320530645407388e+00 2.708599359605504020e+01
7.833333333333333259e-01 -2.476126243457402509e+00 2.780759097344763831e+01
8.000000000000000444e-01 -2.936240229760329168e+00 2.757996737863398096e+01
8.166666666666666519e-01 -3.395458489411868896e+00 2.679445040675710743e+01
8.333333333333333703e-01 -3.829388576652232867e+00 2.317663107827920044e+01
8.499999999999999778e-01 -4.168012858687842659e+00 1.560727423330106944e+01
8.666666666666666963e-01 -4.349631051095601109e+00 5.777781227481612270e+00
8.833333333333333037e-01 -4.360605566270562505e+00 -3.737510473842673431e+00
9.000000000000000222e-01 -4.225047368634178291e+00 -1.165145947001121840e+01
9.166666666666666297e-01 -3.972223583936854929e+00 -1.803356593383772122e+01
9.333333333333333481e-01 -3.623928504172921450e+00 -2.327633756952127797e+01
9.499999999999999556e-01 -3.196345664952812360e+00 -2.714871587979165213e+01
9.666666666666666741e-01 -2.718971308179866764e+00 -2.868834345495724136e+01
9.833333333333332815e-01 -2.240067549787571277e+00 -2.740555207098632096e+01
1.000000000000000000e+00 -1.805452905813655917e+00 -2.462623590526011697e+01
1.016666666666666607e+00 -1.419193019612233542e+00 -2.297301337335142080e+01
1.033333333333333215e+00 -1.039685793368608557e+00 -2.393797599087255534e+01
1.050000000000000044e+00 -6.212604865831484746e-01 -2.635302868485065630e+01
1.066666666666666652e+00 -1.612515038735868322e-01 -2.713782547360766273e+01
1.083333333333333259e+00 2.833336958704399944e-01 -2.349007990717500505e+01
1.100000000000000089e+00 6.217511596989132583e-01 -1.452257009103752594e+01
1.116666666666666696e+00 7.674193655716907703e-01 -1.339423073731472069e+00
1.133333333333333304e+00 6.663985954899623865e-01 1.355843780392059728e+01
1.149999999999999911e+00 3.154714387743376980e-01 2.656164141246922483e+01
1.166666666666666741e+00 -2.189894515923450635e-01 3.357919771453454416e+01
1.183333333333333348e+00 -8.038351517101471888e-01 3.184541013257092956e+01
1.199999999999999956e+00 -1.280503122678042782e+00 2.194678508500662772e+01
1.216666666666666563e+00 -1.535394654543701165e+00 7.927137160859441423e+00
1.233333333333333393e+00 -1.544741028040024000e+00 -4.864081970503844943e+00
1.250000000000000000e+00 -1.373258588860239549e+00 -1.262186939480586112e+01
1.266666666666666607e+00 -1.124012048213162140e+00 -1.447969236618969013e+01
1.283333333333333215e+00 -8.906021766539167217e-01 -1.191378253938875353e+01
1.300000000000000044e+00 -7.268859635668704078e-01 -7.468538533290018044e+00
1.316666666666666652e+00 -6.416508922109163127e-01 -3.657364482065540212e+00
1.333333333333333259e+00 -6.049738141646856526e-01 -1.993816592868612014e+00
1.350000000000000089e+00 -5.751903391152958234e-01 -2.272795918025059425e+00
1.366666666666666696e+00 -5.292139502305169829e-01 -3.005739202082624129e+00
1.383333333333333304e+00 -4.749990323792084301e-01 -2.849630288847931237e+00
1.399999999999999911e+00 -4.342262739355860490e-01 -1.655068501416670390e+00
1.416666666666666741e+00 -4.198300823319860431e-01 -2.029642217213161737e-01
1.433333333333333348e+00 -4.274607998782087304e-01 7.828970185984784891e-01
1.449999999999999956e+00 -4.459266496186020667e-01 1.215943046977398190e+00
1.466666666666666563e+00 -4.679922347774554403e-01 1.411815233940363568e+00
1.483333333333333393e+00 -4.929871574166141968e-01 1.660013340168612350e+00
1.500000000000000000e+00 -5.233260127830758890e-01 2.065024932398366264e+00
1.516666666666666607e+00 -5.618213218298930833e-01 2.643075589220504007e+00
1.533333333333333215e+00 -6.114285324237594965e-01 3.332275921600690971e+00
1.550000000000000044e+00 -6.728971858832495379e-01 3.914893654960199143e+00
1.566666666666666652e+00 -7.419249875890994161e-01 4.129894363527288448e+00
1.583333333333333259e+00 -8.105603313341590566e-01 3.874499074115073771e+00
1.600000000000000089e+00 -8.710749567262684456e-01 3.184727177403481324e+00
1.616666666666666696e+00 -9.167179039142748787e-01 2.073084559638652458e+00
1.633333333333333304e+00 -9.401777753808902016e-01 5.456258726445462059e-01
1.649999999999999911e+00 -9.349054330024266779e-01 -1.232308457532096613e+00
1.666666666666666741e+00 -8.991008267964869516e-01 -2.982283186097809402e+00
1.683333333333333348e+00 -8.354959934658330312e-01 -4.488501548456170553e+00
1.699999999999999956e+00 -7.494841085146144444e-01 -5.701839372184563715e+00
1.716666666666666563e+00 -6.454346810596807149e-01 -6.666693207871483118e+00
1.733333333333333393e+00 -5.272610015855652144e-01 -7.350851713401864274e+00
1.750000000000000000e+00 -4.004062906129520205e-01 -7.639722986571883645e+00
1.766666666666666607e+00 -2.726035686998357077e-01 -7.491208521211509819e+00
1.783333333333333215e+00 -1.506993399059017025e-01 -7.037254204624075804e+00
1.800000000000000044e+00 -3.802842854569990494e-02 -6.471152717829363965e+00
1.816666666666666652e+00 6.500575068841045467e-02 -5.813016013845904162e+00
1.833333333333333259e+00 1.557387719158302430e-01 -5.351110072961682285e+00
1.849999999999999867e+00 2.433760864537998780e-01 -4.814696553057706829e+00
1.866666666666666696e+00 3.162286570177537670e-01 -3.352085085321368840e+00
1.883333333333333304e+00 3.551122559645121801e-01 -8.654023775839448929e-01
1.899999999999999911e+00 3.450820149471428566e-01 1.630307580211801444e+00
1.916666666666666741e+00 3.008094628182438335e-01 3.335866360322285562e+00
1.933333333333333348e+00 2.340718918493778500e-01 4.359686706529811495e+00
1.949999999999999956e+00 1.577689885572539086e-01 4.307191575823646090e+00
1.966666666666666563e+00 7.165798381719845622e-02 3.410889562195273506e+00
1.983333333333333393e+00 -3.516754263256693762e-03 2.663132510750041426e+00
2.000000000000000000e+00 -3.827759010044058663e-02 2.689254224879285893e+00
