0.000000000000000000e+00 7.991958669375469526e+02 1.262723658358526109e+03
1.666666666666666644e-02 7.781504726315715743e+02 1.262723658358526109e+03
3.333333333333333287e-02 7.571050783255961960e+02 1.262723658358531338e+03
5.000000000000000278e-02 7.360596840196205903e+02 1.262723658358531338e+03
6.666666666666666574e-02 7.150142897136450983e+02 1.262723658358531338e+03
8.333333333333332871e-02 6.939688954076694927e+02 1.262723658358531338e+03
1.000000000000000056e-01 6.729235011016940007e+02 1.262723658358531338e+03
1.166666666666666685e-01 6.518781067957183950e+02 1.262723658358531338e+03
1.333333333333333315e-01 6.308327124897430167e+02 1.262723658358528610e+03
1.499999999999999944e-01 6.097873181837675247e+02 1.262723658358531338e+03
1.666666666666666574e-01 5.887419238777920327e+02 1.262723658358531338e+03
1.833333333333333204e-01 5.676965295718164271e+02 1.262723658358531338e+03
2.000000000000000111e-01 5.466511352658409351e+02 1.262723658358531338e+03
2.166666666666666741e-01 5.256057409598654431e+02 1.262723658358531338e+03
2.333333333333333370e-01 5.045603466538898942e+02 1.262723658358531338e+03
2.500000000000000000e-01 4.835149523479143454e+02 1.262723658358531338e+03
2.666666666666666630e-01 4.624695580419388534e+02 1.262723658358528610e+03
2.833333333333333259e-01 4.414241637359634183e+02 1.262723658358531338e+03
2.999999999999999889e-01 4.203787694299878126e+02 1.262723658358531338e+03
3.166666666666666519e-01 3.993333751240123775e+02 1.262723658358528610e+03
3.333333333333333148e-01 3.782879808180368855e+02 1.262723658358531338e+03
3.499999999999999778e-01 3.572425865120613366e+02 1.262723658358531338e+03
3.666666666666666408e-01 3.361971922060857878e+02 1.262723658358531338e+03
3.833333333333333037e-01 3.151517979001102958e+02 1.262723658358533839e+03
4.000000000000000222e-01 2.941064035941346901e+02 1.262723658358533839e+03
4.166666666666666852e-01 2.730610092881591981e+02 1.262723658358528610e+03
4.333333333333333481e-01 2.520156149821837346e+02 1.262723658358528610e+03
4.500000000000000111e-01 2.309702206762082142e+02 1.262723658358531338e+03
4.666666666666666741e-01 2.099248263702326938e+02 1.262723658358531338e+03
4.833333333333333370e-01 1.888794320642571734e+02 1.262723658358531338e+03
5.000000000000000000e-01 1.678340377582816529e+02 1.262723658358528610e+03
5.166666666666666075e-01 1.467886434523062178e+02 1.262723658358530429e+03
5.333333333333333259e-01 1.257432491463306405e+02 1.262723658358535204e+03
5.500000000000000444e-01 1.046978548403550491e+02 1.262723658358530429e+03
5.666666666666666519e-01 8.365246053437961393e+01 1.262723658358530429e+03
5.833333333333333703e-01 6.260706622840402957e+01 1.262723658358530429e+03
5.999999999999999778e-01 4.156167192242859443e+01 1.241849701721871952e+03
6.166666666666666963e-01 2.121207617100829879e+01 7.017139219820384142e+02
6.333333333333333037e-01 1.817120785636064895e+01 2.297352929197786580e+02
6.500000000000000222e-01 1.355423307368234376e+01 2.586646275076540178e+02
6.666666666666666297e-01 9.549053606105514902e+00 2.171322324648600670e+02
6.833333333333333481e-01 6.316491991520340576e+00 1.726873531506736583e+02
6.999999999999999556e-01 3.792808501083060335e+00 1.355408402073232992e+02
7.166666666666666741e-01 1.798463984609564026e+00 1.053460061326792783e+02
7.333333333333332815e-01 2.812749633270841265e-01 7.925095560996325617e+01
7.500000000000000000e-01 -8.432345357225441429e-01 5.715860731676559681e+01
7.666666666666666075e-01 -1.624011947231768893e+00 4.056322239189375978e+01
7.833333333333333259e-01 -2.195341948785669572e+00 3.077304937796999695e+01
8.000000000000000444e-01 -2.649780259830768703e+00 2.616717217618520408e+01
8.166666666666666519e-01 -3.067581021325175961e+00 2.373686887447271232e+01
8.333333333333333703e-01 -3.441009222313192506e+00 2.049722794389408875e+01
8.499999999999999778e-01 -3.750821952788312430e+00 1.537089795307528917e+01
8.666666666666666963e-01 -3.953372487415702352e+00 8.528230703606711316e+00
8.833333333333333037e-01 -4.035096309575203044e+00 9.791226790769558264e-01
9.000000000000000222e-01 -3.986009910051600436e+00 -6.211368817177939761e+00
9.166666666666666297e-01 -3.828050682335938149e+00 -1.145332929752216167e+01
9.333333333333333481e-01 -3.604232266800861950e+00 -1.312981311474789337e+01
9.499999999999999556e-01 -3.390390245177675066e+00 -1.157756386810209470e+01
9.666666666666666741e-01 -3.218313471197459030e+00 -1.025702625129340895e+01
9.833333333333332815e-01 -3.048489370134561227e+00 -9.125806042156249021e+00
1.000000000000000000e+00 -2.914119936458916982e+00 -1.081412339740445638e+01
1.016666666666666607e+00 -2.688018590221079585e+00 -1.671725169241588560e+01
1.033333333333333215e+00 -2.356878213378387876e+00 -2.329910557852818087e+01
1.050000000000000044e+00 -1.911381737603473630e+00 -2.379211378063349613e+01
1.066666666666666652e+00 -1.563807754023937902e+00 -1.860695037843348132e+01
1.083333333333333259e+00 -1.291150058322357630e+00 -1.297856726677652262e+01
1.100000000000000089e+00 -1.131188845131387177e+00 -7.705862729257465737e+00
1.116666666666666696e+00 -1.034287967347108816e+00 -5.232610629698934090e+00
1.133333333333333304e+00 -9.567684908080893447e-01 -4.910462815382985013e+00
1.149999999999999911e+00 -8.706058735010092642e-01 -5.541721432301967454e+00
1.166666666666666741e+00 -7.720444430646904443e-01 -5.965864889266580207e+00
1.183333333333333348e+00 -6.717437105254566720e-01 -5.609204131222088385e+00
1.199999999999999956e+00 -5.850709720239541944e-01 -4.076030482706602953e+00
1.216666666666666563e+00 -5.358760277685699069e-01 -1.257495048545448357e+00
1.233333333333333393e+00 -5.431544704057725825e-01 1.992808901543190903e+00
1.250000000000000000e+00 -6.023029911533428482e-01 3.957967173130755079e+00
1.266666666666666607e+00 -6.750867095101311666e-01 3.716522827840347709e+00
1.283333333333333215e+00 -7.261870854146877940e-01 2.277174028725324373e+00
1.300000000000000044e+00 -7.509925104676419272e-01 1.137518045558720381e+00
1.316666666666666652e+00 -7.641043535999785252e-01 3.102615549821702290e-01
1.333333333333333259e+00 -7.613345623003808793e-01 -9.229337247380431375e-01
1.350000000000000089e+00 -7.333398961087103096e-01 -2.400693101836766985e+00
1.366666666666666696e+00 -6.813114589058220094e-01 -3.207409347674611055e+00
1.383333333333333304e+00 -6.264262511862233040e-01 -2.836250660171542926e+00
1.399999999999999911e+00 -5.867697702334372378e-01 -1.681185541818560614e+00
1.416666666666666741e+00 -5.703867331256046169e-01 -6.774706554726264152e-01
1.433333333333333348e+00 -5.641874150510164387e-01 -2.799202144343040932e-01
1.449999999999999956e+00 -5.610560593111277861e-01 -3.046184292472453592e-01
1.466666666666666563e+00 -5.540334674094415934e-01 -8.239177525288787773e-01
1.483333333333333393e+00 -5.335921342268319378e-01 -1.808254122528162089e+00
1.500000000000000000e+00 -4.937583299918361091e-01 -2.987121136170396429e+00
1.516666666666666607e+00 -4.340214296878186495e-01 -3.928195569500958939e+00
1.533333333333333215e+00 -3.628184776751375296e-01 -4.488126949091408413e+00
1.550000000000000044e+00 -2.844171980514383913e-01 -4.298024892896039617e+00
1.566666666666666652e+00 -2.195509812452695053e-01 -3.016738280797504501e+00
1.583333333333333259e+00 -1.838592553581882560e-01 -1.371179223515960777e+00
1.600000000000000089e+00 -1.738450071280708276e-01 3.750666703789874434e-01
1.616666666666666696e+00 -1.963614777041545190e-01 3.218472835813320776e-01
1.633333333333333304e+00 -1.845732499141152227e-01 -1.929117301657447658e+00
1.649999999999999911e+00 -1.320575676489062489e-01 -3.994010526044720955e+00
1.666666666666666741e+00 -5.143956571262452149e-02 -4.242999356997062321e+00
1.683333333333333348e+00 9.375744250995845727e-03 -3.652323697666878033e+00
1.699999999999999956e+00 7.030455754293807313e-02 -3.490931884533599927e+00
1.716666666666666563e+00 1.257401404021158409e-01 -2.960551468015397703e+00
1.733333333333333393e+00 1.689896064767846817e-01 -2.070756721816150225e+00
1.750000000000000000e+00 1.947653644626541891e-01 -1.039836868932644265e+00
1.766666666666666607e+00 2.036508354412061572e-01 -2.927360065545320245e-01
1.783333333333333215e+00 2.045232313478052566e-01 -5.744754516264327648e-02
1.800000000000000044e+00 2.055657536132942664e-01 -5.927770101945048498e-02
1.816666666666666652e+00 2.064991547151202589e-01 2.225625583061241475e-01
1.833333333333333259e+00 1.981470016697567949e-01 1.074791682387548075e+00
1.849999999999999867e+00 1.706727653022019897e-01 2.266390450252646627e+00
1.866666666666666696e+00 1.226006533280018934e-01 3.362760579771895131e+00
1.883333333333333304e+00 5.858074597647218440e-02 3.852045122036316549e+00
1.899999999999999911e+00 -5.800850739875331764e-03 3.028015090115454555e+00
1.916666666666666741e+00 -4.235309036070963179e-02 1.090268319720100409e+00
1.933333333333333348e+00 -4.214312806387868204e-02 -1.046906437778109433e+00
1.949999999999999956e+00 -7.456209101439317116e-03 -1.239869410641258884e+00
1.966666666666666563e+00 -8.141477091700469963e-04 -2.208312213128371115e-01
1.983333333333333393e+00 -9.516839101141375250e-05 -2.442443127510141032e-02
2.000000000000000000e+00 0.000000000000000000e+00 -5.710103460684825584e-03
