0.000000000000000000e+00 3.861685793307175345e+02 1.183694761194510647e+02
1.666666666666666644e-02 3.841957547287266834e+02 2.300889816703926272e+02
3.333333333333333287e-02 3.784989466083711136e+02 4.335780810667489504e+02
5.000000000000000278e-02 3.697431520265017184e+02 5.838674159150411924e+02
6.666666666666666574e-02 3.590366994112030739e+02 6.439831498543611588e+02
8.333333333333332871e-02 3.482770470313563465e+02 6.214112497532477164e+02
1.000000000000000056e-01 3.383229910860948166e+02 5.798014339102923032e+02
1.166666666666666685e-01 3.289503325676799363e+02 5.664634929414592079e+02
1.333333333333333315e-01 3.194408746547128430e+02 5.705674747780238931e+02
1.499999999999999944e-01 3.099314167417458066e+02 5.705674747780238931e+02
1.666666666666666574e-01 3.004219588287787133e+02 5.705674747780238931e+02
1.833333333333333204e-01 2.909125009158116768e+02 5.705674747780238931e+02
2.000000000000000111e-01 2.814030430028445835e+02 5.705674747780255984e+02
2.166666666666666741e-01 2.718935850898774902e+02 5.705674747780255984e+02
2.333333333333333370e-01 2.623841271769103969e+02 5.705674747780230973e+02
2.500000000000000000e-01 2.528746692639433888e+02 5.705674747780221878e+02
2.666666666666666630e-01 2.433652113509763240e+02 5.705674747780230973e+02
2.833333333333333259e-01 2.338557534380092875e+02 5.705674747780238931e+02
2.999999999999999889e-01 2.243462955250421942e+02 5.705674747780238931e+02
3.166666666666666519e-01 2.148368376120751577e+02 5.705674747780230973e+02
3.333333333333333148e-01 2.053273796991080928e+02 5.707475490776653260e+02
3.499999999999999778e-01 1.958119193094863135e+02 5.708095684653810622e+02
3.666666666666666408e-01 1.863003940835953927e+02 5.664176159375409725e+02
3.833333333333333037e-01 1.769313321115682811e+02 5.607018768264390474e+02
4.000000000000000222e-01 1.676103315227140911e+02 5.634405748570094374e+02
4.166666666666666852e-01 1.581499796163346332e+02 5.785068591179541500e+02
4.333333333333333481e-01 1.483267695521156213e+02 6.023916057480602149e+02
4.500000000000000111e-01 1.380702594247326260e+02 6.297111442459308819e+02
4.666666666666666741e-01 1.273363980772512605e+02 6.646931138602668625e+02
4.833333333333333370e-01 1.159138222960570630e+02 7.087199816296202926e+02
5.000000000000000000e-01 1.037123986895972507e+02 7.555797511081869970e+02
5.166666666666666075e-01 9.072783059245082882e+01 7.900666531179296044e+02
5.333333333333333259e-01 7.737684358566626486e+01 7.983914388213091797e+02
5.500000000000000444e-01 6.411478263174052472e+01 7.818921586455073793e+02
5.666666666666666519e-01 5.131377163081602077e+01 7.435201595840651407e+02
5.833333333333333703e-01 3.933077731227168528e+01 6.831669874593309260e+02
5.999999999999999778e-01 2.854153871550499133e+01 5.992022166392843019e+02
6.166666666666666963e-01 1.935737009096220973e+01 4.976771262293394784e+02
6.333333333333333037e-01 1.195230117452700647e+01 3.954095457840425638e+02
6.500000000000000222e-01 6.177051898160791588e+00 3.027508330934566061e+02
6.666666666666666297e-01 1.860606738078452782e+00 2.229443522470467371e+02
6.833333333333333481e-01 -1.254426510074099443e+00 1.542044994634042610e+02
6.999999999999999556e-01 -3.279543244035022287e+00 9.770976882492644222e+01
7.166666666666666741e-01 -4.511418804238314095e+00 5.529041484490177538e+01
7.333333333333332815e-01 -5.122557072198414829e+00 2.487380667051751715e+01
7.500000000000000000e-01 -5.340545693255564608e+00 6.143688048037914129e+00
7.666666666666666075e-01 -5.327346673799678634e+00 -4.037240009637992344e+00
7.833333333333333259e-01 -5.205971026267631530e+00 -8.102311822128331897e+00
8.000000000000000444e-01 -5.057269613062067570e+00 -8.330817606536262687e+00
8.166666666666666519e-01 -4.928277106049756107e+00 -6.581459170367249811e+00
8.333333333333333703e-01 -4.837887640716492577e+00 -4.300869840084580176e+00
8.499999999999999778e-01 -4.784914778046936767e+00 -2.540205210644170819e+00
8.666666666666666963e-01 -4.753214133695020216e+00 -1.879867358649010001e+00
8.833333333333333037e-01 -4.722252532758636434e+00 -2.413518303717738789e+00
9.000000000000000222e-01 -4.672763523571095590e+00 -3.925834617403989313e+00
9.166666666666666297e-01 -4.591391378845170124e+00 -6.000413480458197668e+00
9.333333333333333481e-01 -4.472749740889155667e+00 -8.157663952320497458e+00
9.499999999999999556e-01 -4.319469247101153542e+00 -1.001362946522351471e+01
9.666666666666666741e-01 -4.138962092048371844e+00 -1.135270196083283700e+01
9.833333333333332815e-01 -3.941045848406725671e+00 -1.210358300573345680e+01
1.000000000000000000e+00 -3.735509325190589980e+00 -1.232724548969516754e+01
1.016666666666666607e+00 -3.530137665416886783e+00 -1.220978758073668935e+01
1.033333333333333215e+00 -3.328516405832700364e+00 -1.202620748474996226e+01
1.050000000000000044e+00 -3.129264082591888041e+00 -1.208141629988986310e+01
1.066666666666666652e+00 -2.925802529169704957e+00 -1.260668050679745633e+01
1.083333333333333259e+00 -2.709041399031972830e+00 -1.365853951202369743e+01
1.100000000000000089e+00 -2.470517878768915043e+00 -1.511410042038466273e+01
1.116666666666666696e+00 -2.205238051685817435e+00 -1.674307302042697287e+01
1.133333333333333304e+00 -1.912415444754682614e+00 -1.824744415499520400e+01
1.149999999999999911e+00 -1.596989913185977272e+00 -1.929544593646940953e+01
1.166666666666666741e+00 -1.269233913539035585e+00 -1.960304695118913898e+01
1.183333333333333348e+00 -9.435550148130059656e-01 -1.901017778695326044e+01
1.199999999999999956e+00 -6.355613206405935633e-01 -1.752413698322747493e+01
1.216666666666666563e+00 -3.594171153720902012e-01 -1.531563519349125357e+01
1.233333333333333393e+00 -1.250401475242184091e-01 -1.266094355795406301e+01
1.250000000000000000e+00 6.261433655971189449e-02 -9.856598185653917099e+00
1.266666666666666607e+00 2.035131253309121757e-01 -7.173376053568186528e+00
1.283333333333333215e+00 3.017268716786514204e-01 -4.827189609010008375e+00
1.300000000000000044e+00 3.644194456312457864e-01 -2.933118652921721470e+00
1.316666666666666652e+00 3.994974934427087954e-01 -1.489637877414816236e+00
1.333333333333333259e+00 4.140740415450729905e-01 -4.154265959856023871e-01
1.350000000000000089e+00 4.133450466422288749e-01 3.977638794886112494e-01
1.366666666666666696e+00 4.008152455621192822e-01 1.049150252063400623e+00
1.383333333333333304e+00 3.783733715734488579e-01 1.611718579376842486e+00
1.399999999999999911e+00 3.470912929162245364e-01 2.128406519737807923e+00
1.416666666666666741e+00 3.074264875821886012e-01 2.621449866049433641e+00
1.433333333333333348e+00 2.597096307145767558e-01 3.092512186630402393e+00
1.449999999999999956e+00 2.043427480278418584e-01 3.530380636575589648e+00
1.466666666666666563e+00 1.420302761620571008e-01 3.920689702344640981e+00
1.483333333333333393e+00 7.365309128302051367e-02 4.253026052090245201e+00
1.500000000000000000e+00 2.627410923822532524e-04 4.515201609059430687e+00
1.516666666666666607e+00 -7.685362901896050647e-02 4.687575573907169613e+00
1.533333333333333215e+00 -1.559897780378567411e-01 4.747318248360247850e+00
1.550000000000000044e+00 -2.350975706309687552e-01 4.673690688198727905e+00
1.566666666666666652e+00 -3.117794676444810009e-01 4.454036573335730331e+00
1.583333333333333259e+00 -3.835654564088264440e-01 4.089730542987216388e+00
1.600000000000000089e+00 -4.481038190773882213e-01 3.596994689810492307e+00
1.616666666666666696e+00 -5.034652794025095135e-01 3.003931471567884870e+00
1.633333333333333304e+00 -5.482348681296510540e-01 2.345403769813668937e+00
1.649999999999999911e+00 -5.816454050629651373e-01 1.661606974607219289e+00
1.666666666666666741e+00 -6.036217672832250303e-01 9.901241948707517615e-01
1.683333333333333348e+00 -6.146495448919901960e-01 3.587685924499217638e-01
1.699999999999999956e+00 -6.155807203648890891e-01 -2.178786689793055231e-01
1.716666666666666563e+00 -6.073869225926800119e-01 -7.367013197285698922e-01
1.733333333333333393e+00 -5.910240097072700927e-01 -1.201102921377811272e+00
1.750000000000000000e+00 -5.673501585467529695e-01 -1.618706311195572400e+00
1.766666666666666607e+00 -5.370671326674176793e-01 -1.997810796064167782e+00
1.783333333333333215e+00 -5.007564653446140435e-01 -2.340807230856264631e+00
1.800000000000000044e+00 -4.590402249722088657e-01 -2.640429064597608733e+00
1.816666666666666652e+00 -4.127421631913604227e-01 -2.887110615983256690e+00
1.833333333333333259e+00 -3.628032044394336464e-01 -3.063173390565572696e+00
1.849999999999999867e+00 -3.106363835058413292e-01 -3.151847715533808714e+00
1.866666666666666696e+00 -2.577416139216400226e-01 -3.156364027866275457e+00
1.883333333333333304e+00 -2.054242492436321454e-01 -3.078366186163982388e+00
1.899999999999999911e+00 -1.551294077161739504e-01 -2.886753687292475057e+00
1.916666666666666741e+00 -1.091991263338829843e-01 -2.543383007298740228e+00
1.933333333333333348e+00 -7.034997413954928447e-02 -2.055357715790275819e+00
1.949999999999999956e+00 -4.068720247420712366e-02 -1.489655243581511357e+00
1.966666666666666563e+00 -2.069479935349890359e-02 -9.696099196198668668e-01
1.983333333333333393e+00 -8.366871820211561547e-03 -6.208439806049664833e-01
2.000000000000000000e+00 -1.994931997373328159e-17 -5.020123092126925757e-01
