0.000000000000000000e+00 5.881480427520759804e+02 1.215798701038489071e+03
1.666666666666666644e-02 5.839442321696194540e+02 1.215798701038489298e+03
3.333333333333333287e-02 5.718051386899425097e+02 1.215798701038489753e+03
5.000000000000000278e-02 5.531477771161195278e+02 1.215798701038490208e+03
6.666666666666666574e-02 5.303338387866093626e+02 1.215798701038489526e+03
8.333333333333332871e-02 5.074065392728531378e+02 1.215798701038488844e+03
1.000000000000000056e-01 4.861958519776795811e+02 1.215798701038488844e+03
1.166666666666666685e-01 4.662240404817659964e+02 1.215798701038489298e+03
1.333333333333333315e-01 4.459607287977910914e+02 1.215798701038489526e+03
1.499999999999999944e-01 4.256974171138163001e+02 1.215798701038489298e+03
1.666666666666666574e-01 4.054341054298414520e+02 1.215798701038489071e+03
1.833333333333333204e-01 3.851707937458667175e+02 1.215798701038489526e+03
2.000000000000000111e-01 3.649074820618918125e+02 1.215798701038489753e+03
2.166666666666666741e-01 3.446441703779170211e+02 1.215798701038489980e+03
2.333333333333333370e-01 3.243808586939422298e+02 1.215798701038489298e+03
2.500000000000000000e-01 3.041175470099673817e+02 1.215798701038488844e+03
2.666666666666666630e-01 2.838542353259925903e+02 1.215798701038488844e+03
2.833333333333333259e-01 2.635909236420177422e+02 1.215798701038489071e+03
2.999999999999999889e-01 2.433276119580429508e+02 1.215798701038488844e+03
3.166666666666666519e-01 2.230643002740681311e+02 1.215798701038488616e+03
3.333333333333333148e-01 2.028009885900933114e+02 1.215798701038489071e+03
3.499999999999999778e-01 1.825376769061184632e+02 1.215798701038489753e+03
3.666666666666666408e-01 1.622743652221436435e+02 1.213804314790461376e+03
3.833333333333333037e-01 1.420775330797697507e+02 1.219297411995653874e+03
4.000000000000000222e-01 1.216311181556218486e+02 1.242132941309087983e+03
4.166666666666666852e-01 1.006731017028001816e+02 1.264649677812207301e+03
4.333333333333333481e-01 7.947612889521495561e+01 1.248030737504128865e+03
4.500000000000000111e-01 5.907207711932921512e+01 1.168991990502215685e+03
4.666666666666666741e-01 4.050972921180776609e+01 1.030423010047875096e+03
4.833333333333333370e-01 2.472464345106672212e+01 8.425355209194790405e+02
5.000000000000000000e-01 1.242521184782513899e+01 6.240627445048896789e+02
5.166666666666666075e-01 3.922551967570403253e+00 4.034597166426856916e+02
5.333333333333333259e-01 -1.023445373597712482e+00 2.138024127739135452e+02
5.500000000000000444e-01 -3.204195124893381763e+00 9.011053370991355393e+01
5.666666666666666519e-01 -4.027129830594830651e+00 4.218562637297348772e+01
5.833333333333333703e-01 -4.610382670659165072e+00 3.947231268540361526e+01
5.999999999999999778e-01 -5.342873586774951278e+00 4.138374338568775812e+01
6.166666666666666963e-01 -5.989840783515423261e+00 3.284402837584189427e+01
6.333333333333333037e-01 -6.437674532636347813e+00 1.787369207558833395e+01
6.500000000000000222e-01 -6.585630519368368851e+00 -1.315077513924277852e+00
6.666666666666666297e-01 -6.393838615505538669e+00 -2.005104466890777459e+01
6.833333333333333481e-01 -5.917262363738108100e+00 -3.255823603167882396e+01
6.999999999999999556e-01 -5.308564081116244004e+00 -3.508862982807506370e+01
7.166666666666666741e-01 -4.747641369468940553e+00 -2.857338035420153233e+01
7.333333333333332815e-01 -4.356118069309527385e+00 -1.819103064988172491e+01
7.500000000000000000e-01 -4.141273681139550078e+00 -1.043818419142351672e+01
7.666666666666666075e-01 -4.008178596262076177e+00 -9.252449026830827705e+00
7.833333333333333259e-01 -3.832858713578521037e+00 -1.367282014165495063e+01
8.000000000000000444e-01 -3.552417924873576993e+00 -1.897928737778912023e+01
8.166666666666666519e-01 -3.200215800985550807e+00 -2.115242205567468758e+01
8.333333333333333703e-01 -2.847337189684421510e+00 -2.008706438873289812e+01
8.499999999999999778e-01 -2.530646988027787536e+00 -1.817199191339799924e+01
8.666666666666666963e-01 -2.241604125904487876e+00 -1.734973621280206046e+01
8.833333333333333037e-01 -1.952322447601052557e+00 -1.838669777744202349e+01
9.000000000000000222e-01 -1.628714199989754308e+00 -2.130543553661044598e+01
9.166666666666666297e-01 -1.242141263047370936e+00 -2.514413151904207666e+01
9.333333333333333481e-01 -7.905764826883517893e-01 -2.830094697059124087e+01
9.499999999999999556e-01 -2.987763640276629440e-01 -2.975722018783559264e+01
9.666666666666666741e-01 2.013308569061681153e-01 -2.926651996320507720e+01
9.833333333333332815e-01 6.767743014125061629e-01 -2.656021465825020300e+01
1.000000000000000000e+00 1.086671345514508058e+00 -2.114372004034047592e+01
1.016666666666666607e+00 1.381564969423855205e+00 -1.307129538664148782e+01
1.033333333333333215e+00 1.522381191735890926e+00 -3.879853031554565845e+00
1.050000000000000044e+00 1.510893403809007385e+00 3.706485881658770243e+00
1.066666666666666652e+00 1.398831662347264970e+00 7.671644687808565344e+00
1.083333333333333259e+00 1.255171914215388540e+00 8.232759171650032570e+00
1.100000000000000089e+00 1.124406356625597736e+00 7.259643013248700427e+00
1.116666666666666696e+00 1.013183813773765207e+00 6.497914055321534654e+00
1.133333333333333304e+00 9.078092214482130773e-01 6.691149846749416596e+00
1.149999999999999911e+00 7.901454855487844986e-01 7.885413079602253461e+00
1.166666666666666741e+00 6.449621187948048062e-01 9.952055296407385399e+00
1.183333333333333348e+00 4.584103090018717963e-01 1.293321438858544603e+01
1.199999999999999956e+00 2.138549725086230091e-01 1.671112473422955347e+01
1.216666666666666563e+00 -9.862718213911328413e-02 2.053959797200358395e+01
1.233333333333333393e+00 -4.707982932248298003e-01 2.326766134202709679e+01
1.250000000000000000e+00 -8.742158935400168307e-01 2.394280936033531049e+01
1.266666666666666607e+00 -1.268891938569340017e+00 2.227821121288278405e+01
1.283333333333333215e+00 -1.616822933969442655e+00 1.868166027468489787e+01
1.300000000000000044e+00 -1.891613947725503397e+00 1.389778699891078162e+01
1.316666666666666652e+00 -2.080082500599802042e+00 8.588929395754410834e+00
1.333333333333333259e+00 -2.177911594250650396e+00 3.151978237964137897e+00
1.350000000000000089e+00 -2.185148441865273572e+00 -2.045089693745619108e+00
1.366666666666666696e+00 -2.109741937792462885e+00 -6.494429348726065143e+00
1.383333333333333304e+00 -1.968667463574404364e+00 -9.634174378390456539e+00
1.399999999999999911e+00 -1.788602791846114703e+00 -1.113550146844728239e+01
1.416666666666666741e+00 -1.597484081292828595e+00 -1.119601467457788502e+01
1.433333333333333348e+00 -1.415402302693518299e+00 -1.038023872104559153e+01
1.449999999999999956e+00 -1.251476123924641914e+00 -9.079519531348392292e+00
1.466666666666666563e+00 -1.112751651648571816e+00 -7.301316747454471567e+00
1.483333333333333393e+00 -1.008098899009493454e+00 -5.080135159295670277e+00
1.500000000000000000e+00 -9.434138130053828508e-01 -2.931769186923935955e+00
1.516666666666666607e+00 -9.103732594453621818e-01 -1.607658739243133850e+00
1.533333333333333215e+00 -8.898251883639449744e-01 -1.387442479002585438e+00
1.550000000000000044e+00 -8.641251768119423415e-01 -1.881041560264283152e+00
1.566666666666666652e+00 -8.271238030218021064e-01 -2.519505184957560928e+00
1.583333333333333259e+00 -7.801416706466903772e-01 -3.084288779165726524e+00
1.600000000000000089e+00 -7.243141770496113185e-01 -3.718586506459335528e+00
1.616666666666666696e+00 -6.561887870980459558e-01 -4.540394015362133828e+00
1.633333333333333304e+00 -5.729677098708735317e-01 -5.408458758311878611e+00
1.649999999999999911e+00 -4.759068284876499244e-01 -6.074053649836292479e+00
1.666666666666666741e+00 -3.704992548763305638e-01 -6.441448848056267273e+00
1.683333333333333348e+00 -2.611918668857743930e-01 -6.553048592927074978e+00
1.699999999999999956e+00 -1.520643017787614015e-01 -6.356661505067440210e+00
1.716666666666666563e+00 -4.930315005019306196e-02 -5.733340493332913290e+00
1.733333333333333393e+00 3.904704799900236833e-02 -4.674302806336652516e+00
1.750000000000000000e+00 1.065069434943619886e-01 -3.373450656792468028e+00
1.766666666666666607e+00 1.514954032254179350e-01 -2.147174347009659812e+00
1.783333333333333215e+00 1.780794217280173286e-01 -1.229051431211201972e+00
1.800000000000000044e+00 1.924637842657913600e-01 -6.371712515816760902e-01
1.816666666666666652e+00 1.993184634474065298e-01 -2.191247317934824357e-01
1.833333333333333259e+00 1.997679419922407940e-01 5.692010361902922339e-02
1.849999999999999867e+00 1.974211266601055836e-01 2.794838456750188826e-01
1.866666666666666696e+00 1.904518138030734942e-01 6.692328008932034722e-01
1.883333333333333304e+00 1.751133666303321124e-01 1.249069764273833094e+00
1.899999999999999911e+00 1.488184654291059839e-01 1.746026949569937869e+00
1.916666666666666741e+00 1.169323151440114367e-01 1.960035539533699911e+00
1.933333333333333348e+00 8.356078592564178398e-02 1.954908443001687868e+00
1.949999999999999956e+00 5.229955758025377210e-02 1.658304239636503752e+00
1.966666666666666563e+00 2.189941851591342345e-02 1.180456319698590884e+00
1.983333333333333393e+00 -2.952823248646991704e-03 8.393580813293682885e-01
2.000000000000000000e+00 -1.405992529688619014e-02 7.711657305546903984e-01
