0.000000000000000000e+00 3.718151512015344338e+02 1.109785840020151682e+02
1.666666666666666644e-02 3.699655081348341810e+02 2.157224160937994384e+02
3.333333333333333287e-02 3.646244039984077858e+02 4.065058245466974540e+02
5.000000000000000278e-02 3.564153139832775992e+02 5.474112177177926242e+02
6.666666666666666574e-02 3.463773634078146983e+02 6.037733749862286459e+02
8.333333333333332871e-02 3.362895348170699776e+02 5.826108456452357132e+02
1.000000000000000056e-01 3.269570018863068412e+02 5.435991122641104312e+02
1.166666666666666685e-01 3.181695644082662966e+02 5.310939812898868695e+02
1.333333333333333315e-01 3.092538691766439456e+02 5.349417138973410601e+02
1.499999999999999944e-01 3.003381739450215946e+02 5.349417138973410601e+02
1.666666666666666574e-01 2.914224787133992436e+02 5.349417138973427654e+02
1.833333333333333204e-01 2.825067834817768357e+02 5.349417138973427654e+02
2.000000000000000111e-01 2.735910882501544847e+02 5.349417138973410601e+02
2.166666666666666741e-01 2.646753930185321337e+02 5.349417138973410601e+02
2.333333333333333370e-01 2.557596977869097827e+02 5.349417138973393548e+02
2.500000000000000000e-01 2.468440025552874886e+02 5.349417138973376495e+02
2.666666666666666630e-01 2.379283073236651944e+02 5.349417138973419696e+02
2.833333333333333259e-01 2.290126120920427581e+02 5.349417138973419696e+02
2.999999999999999889e-01 2.200969168604204640e+02 5.349417138973402643e+02
3.166666666666666519e-01 2.111812216287980846e+02 5.349417138973419696e+02
3.333333333333333148e-01 2.022655263971757336e+02 5.349417138973419696e+02
3.499999999999999778e-01 1.933498311655533541e+02 5.349417138973419696e+02
3.666666666666666408e-01 1.844341359339310031e+02 5.349417138973410601e+02
3.833333333333333037e-01 1.755184407023086521e+02 5.349417138973410601e+02
4.000000000000000222e-01 1.666027454706863011e+02 5.349417138973410601e+02
4.166666666666666852e-01 1.576870502390639501e+02 5.349417138973402643e+02
4.333333333333333481e-01 1.487713550074416275e+02 5.349417138973410601e+02
4.500000000000000111e-01 1.398556597758192481e+02 5.349417138973410601e+02
4.666666666666666741e-01 1.309399645441969255e+02 5.349417138973402643e+02
4.833333333333333370e-01 1.220242693125745745e+02 5.349417138973415149e+02
5.000000000000000000e-01 1.131085740809522093e+02 5.349629213248279029e+02
5.166666666666666075e-01 1.041921719350803102e+02 5.345739214160699930e+02
5.333333333333333259e-01 9.528944336708320861e+01 5.352783424248384563e+02
5.500000000000000444e-01 8.634956052091902734e+01 5.385883972891916756e+02
5.666666666666666519e-01 7.733649679077682038e+01 5.423503056671762579e+02
5.833333333333333703e-01 6.827121699867981874e+01 5.417741045861633893e+02
5.999999999999999778e-01 5.927735997123804168e+01 5.331854376743732473e+02
6.166666666666666963e-01 5.049836907620071003e+01 5.144287074346239024e+02
6.333333333333333037e-01 4.212973639008391302e+01 4.834742577621406099e+02
6.500000000000000222e-01 3.438256048412935684e+01 4.407650891068248029e+02
6.666666666666666297e-01 2.743756675318975269e+01 3.890821254750783282e+02
6.833333333333333481e-01 2.141315630162674566e+01 3.328435325147265758e+02
6.999999999999999556e-01 1.634278233603220087e+01 2.788337207923575534e+02
7.166666666666666741e-01 1.211869894188149388e+01 2.321301168921442581e+02
7.333333333333332815e-01 8.605111772960725602e+00 1.934474397958498457e+02
7.500000000000000000e-01 5.670450948686498904e+00 1.616756951048099609e+02
7.666666666666666075e-01 3.215921936133726344e+00 1.363959676220570429e+02
7.833333333333333259e-01 1.123918694617931369e+00 1.165423844070574546e+02
8.000000000000000444e-01 -6.688242107681888760e-01 9.980996258494256779e+01
8.166666666666666519e-01 -2.203080058213487291e+00 8.523319706615143332e+01
8.333333333333333703e-01 -3.509930779639903520e+00 7.223650736525252114e+01
8.499999999999999778e-01 -4.610963637055237818e+00 6.029382665125747565e+01
8.666666666666666963e-01 -5.519725001348485982e+00 4.903565908594710265e+01
8.833333333333333037e-01 -6.245485606586807847e+00 3.836590642370477866e+01
9.000000000000000222e-01 -6.798588548805311937e+00 2.832818969016330968e+01
9.166666666666666297e-01 -7.189758596258918111e+00 1.898103200836392901e+01
9.333333333333333481e-01 -7.431289615750776179e+00 1.047002743320507356e+01
9.499999999999999556e-01 -7.538759510699087230e+00 3.019181467533833541e+00
9.666666666666666741e-01 -7.531928998001903963e+00 -3.159594526641056333e+00
9.833333333333332815e-01 -7.433439693144385352e+00 -7.981130837270704603e+00
1.000000000000000000e+00 -7.265891303426213810e+00 -1.151713773377107231e+01
1.016666666666666607e+00 -7.049535102018682942e+00 -1.397943630545922744e+01
1.033333333333333215e+00 -6.799910093244239562e+00 -1.563974477490425841e+01
1.050000000000000044e+00 -6.528210276188540995e+00 -1.670727351449246001e+01
1.066666666666666652e+00 -6.243000976094490895e+00 -1.731523024955353662e+01
1.083333333333333259e+00 -5.951035934536756500e+00 -1.759410948729178870e+01
1.100000000000000089e+00 -5.656530659851431331e+00 -1.765598495161210479e+01
1.116666666666666696e+00 -5.362503102816353007e+00 -1.752067745748599137e+01
1.133333333333333304e+00 -5.072508077935231618e+00 -1.714694908890220759e+01
1.149999999999999911e+00 -4.790938133186279480e+00 -1.652080654568252882e+01
1.166666666666666741e+00 -4.521814526412480717e+00 -1.568999204927993496e+01
1.183333333333333348e+00 -4.267938398210281647e+00 -1.474793316795698139e+01
1.199999999999999956e+00 -4.030216754147248004e+00 -1.377896053302204216e+01
1.216666666666666563e+00 -3.808639713776213576e+00 -1.282446817234469272e+01
1.233333333333333393e+00 -3.602734481735758276e+00 -1.191839034945788356e+01
1.250000000000000000e+00 -3.411360035460950790e+00 -1.111646489718197905e+01
1.266666666666666607e+00 -3.232185651829692308e+00 -1.045334720428252595e+01
1.283333333333333215e+00 -3.062915128651533259e+00 -9.901814342072277952e+00
1.300000000000000044e+00 -2.902125173760616406e+00 -9.407103105941635235e+00
1.316666666666666652e+00 -2.749345025120145447e+00 -8.938237998891423786e+00
1.333333333333333259e+00 -2.604183907130902309e+00 -8.490424482046364574e+00
1.350000000000000089e+00 -2.466330875718599991e+00 -8.058865396247707480e+00
1.366666666666666696e+00 -2.335555060589312060e+00 -7.633030533773581539e+00
1.383333333333333304e+00 -2.211896524592813940e+00 -7.209062830411059331e+00
1.399999999999999911e+00 -2.095252966242276749e+00 -6.779276531600570976e+00
1.416666666666666741e+00 -1.985920640206128240e+00 -6.320859557900860182e+00
1.433333333333333348e+00 -1.884557647645581424e+00 -5.812673589712920474e+00
1.449999999999999956e+00 -1.792164853882364239e+00 -5.257125794378074701e+00
1.466666666666666563e+00 -1.709320121166312267e+00 -4.681339878545139221e+00
1.483333333333333393e+00 -1.636120191264192947e+00 -4.123351415023879696e+00
1.500000000000000000e+00 -1.571875073998849626e+00 -3.617510104589709563e+00
1.516666666666666607e+00 -1.515536521111202628e+00 -3.187371666702070172e+00
1.533333333333333215e+00 -1.465629351775447287e+00 -2.848983229233250647e+00
1.550000000000000044e+00 -1.420570413470094273e+00 -2.601483288575452413e+00
1.566666666666666652e+00 -1.378913242156265540e+00 -2.418102383433271552e+00
1.583333333333333259e+00 -1.339967000688985221e+00 -2.268705075512644775e+00
1.600000000000000089e+00 -1.303289739639177380e+00 -2.150787624130785503e+00
1.616666666666666696e+00 -1.268274079884625705e+00 -2.081613605229810648e+00
1.633333333333333304e+00 -1.233902619464850359e+00 -2.071775409559553083e+00
1.649999999999999911e+00 -1.199214899565973935e+00 -2.120123995686311602e+00
1.666666666666666741e+00 -1.163231819608639972e+00 -2.223782595544556706e+00
1.683333333333333348e+00 -1.125088813047822045e+00 -2.378901968339834916e+00
1.699999999999999956e+00 -1.083935087330645475e+00 -2.577820833865360761e+00
1.716666666666666563e+00 -1.039161451918976686e+00 -2.804781593087232405e+00
1.733333333333333393e+00 -9.904423675610710687e-01 -3.039905447974202701e+00
1.750000000000000000e+00 -9.378312703198365963e-01 -3.271239540877716401e+00
1.766666666666666607e+00 -8.814010495318138627e-01 -3.501979719380467149e+00
1.783333333333333215e+00 -8.210986130071543654e-01 -3.736176123385257508e+00
1.800000000000000044e+00 -7.568618454189719458e-01 -3.969779668029863817e+00
1.816666666666666652e+00 -6.887726240728255789e-01 -4.202792472584174988e+00
1.833333333333333259e+00 -6.167687629994994536e-01 -4.420571018192958945e+00
1.849999999999999867e+00 -5.414202567997269400e-01 -4.603568603840773932e+00
1.866666666666666696e+00 -4.633164762048069818e-01 -4.762122974207908754e+00
1.883333333333333304e+00 -3.826828243261299889e-01 -4.886749339987447094e+00
1.899999999999999911e+00 -3.004248315385587564e-01 -4.869400516012335700e+00
1.916666666666666741e+00 -2.203694737923854730e-01 -4.555733903315393185e+00
1.933333333333333348e+00 -1.485670347613789744e-01 -3.889234785658405524e+00
1.949999999999999956e+00 -9.072831427043862029e-02 -2.979461608152444096e+00
1.966666666666666563e+00 -4.925164782296418547e-02 -2.086779596423387062e+00
1.983333333333333393e+00 -2.116899438965905156e-02 -1.477549434688924412e+00
2.000000000000000000e+00 -4.336808689942017736e-17 -1.270139663379540540e+00
