0.000000000000000000e+00 2.131188978500125870e+02 3.367263088956069623e+02
1.666666666666666644e-02 2.075067927017524312e+02 3.367263088956069623e+02
3.333333333333333287e-02 2.018946875534923038e+02 3.367263088956083266e+02
5.000000000000000278e-02 1.962825824052321479e+02 3.367263088956083266e+02
6.666666666666666574e-02 1.906704772569720490e+02 3.367263088956083266e+02
8.333333333333332871e-02 1.850583721087118647e+02 3.367263088956083266e+02
1.000000000000000056e-01 1.794462669604517941e+02 3.367263088956083266e+02
1.166666666666666685e-01 1.738341618121916099e+02 3.367263088956083266e+02
1.333333333333333315e-01 1.682220566639314825e+02 3.367263088956076444e+02
1.499999999999999944e-01 1.626099515156713551e+02 3.367263088956083266e+02
1.666666666666666574e-01 1.569978463674111993e+02 3.367263088956083266e+02
1.833333333333333204e-01 1.513857412191510718e+02 3.367263088956083266e+02
2.000000000000000111e-01 1.457736360708909160e+02 3.367263088956083266e+02
2.166666666666666741e-01 1.401615309226308170e+02 3.367263088956083266e+02
2.333333333333333370e-01 1.345494257743706328e+02 3.367263088956083266e+02
2.500000000000000000e-01 1.289373206261105054e+02 3.367263088956083266e+02
2.666666666666666630e-01 1.233252154778503638e+02 3.367263088956076444e+02
2.833333333333333259e-01 1.177131103295902506e+02 3.367263088956083266e+02
2.999999999999999889e-01 1.121010051813300947e+02 3.367263088956083266e+02
3.166666666666666519e-01 1.064889000330699673e+02 3.367263088956076444e+02
3.333333333333333148e-01 1.008767948848098399e+02 3.367263088956083266e+02
3.499999999999999778e-01 9.526468973654971251e+01 3.367263088956083266e+02
3.666666666666666408e-01 8.965258458828955668e+01 3.367263088956083266e+02
3.833333333333333037e-01 8.404047944002941506e+01 3.367263088956090087e+02
4.000000000000000222e-01 7.842837429176927344e+01 3.367263088956090087e+02
4.166666666666666852e-01 7.281626914350911761e+01 3.367263088956076444e+02
4.333333333333333481e-01 6.720416399524900442e+01 3.367263088956076444e+02
4.500000000000000111e-01 6.159205884698886280e+01 3.367263088956083266e+02
4.666666666666666741e-01 5.597995369872872118e+01 3.367263088956083266e+02
4.833333333333333370e-01 5.036784855046857956e+01 3.367263088956083266e+02
5.000000000000000000e-01 4.475574340220845215e+01 3.367263088956076444e+02
5.166666666666666075e-01 3.914363825394832475e+01 3.367263088956081560e+02
5.333333333333333259e-01 3.353153310568816892e+01 3.367263088956094634e+02
5.500000000000000444e-01 2.791942795742801309e+01 3.367263088956081560e+02
5.666666666666666519e-01 2.230732280916789989e+01 3.367263088956081560e+02
5.833333333333333703e-01 1.669521766090774051e+01 3.367263088956081560e+02
5.999999999999999778e-01 1.108311251264762554e+01 3.311599204591659600e+02
6.166666666666666963e-01 5.656553645602213187e+00 1.871237125285435923e+02
6.333333333333333037e-01 4.845655428362840134e+00 6.126274477860764733e+01
6.500000000000000222e-01 3.614462152981958276e+00 6.897723400204107236e+01
6.666666666666666297e-01 2.546414294961470759e+00 5.790192865729601834e+01
6.833333333333333481e-01 1.684397864405424272e+00 4.604996084017964364e+01
6.999999999999999556e-01 1.011415600288816163e+00 3.614422405528621596e+01
7.166666666666666741e-01 4.795903958958838698e-01 2.809226830204780967e+01
7.333333333333332815e-01 7.500665688722243929e-02 2.113358816265686713e+01
7.500000000000000000e-01 -2.248625428593451214e-01 1.524229528447082593e+01
7.666666666666666075e-01 -4.330698525951384159e-01 1.081685930450500344e+01
7.833333333333333259e-01 -5.854245196761785897e-01 8.206146500792000253e+00
8.000000000000000444e-01 -7.066080692882050762e-01 6.977912580316055546e+00
8.166666666666666519e-01 -8.180216056867136709e-01 6.329831699859390426e+00
8.333333333333333703e-01 -9.176024592835180238e-01 5.465927451705091755e+00
8.499999999999999778e-01 -1.000219187410216648e+00 4.098906120820077881e+00
8.666666666666666963e-01 -1.054232663310853857e+00 2.274194854295123136e+00
8.833333333333333037e-01 -1.076025682553387375e+00 2.610993810871882204e-01
9.000000000000000222e-01 -1.062935976013760220e+00 -1.656365017914117388e+00
9.166666666666666297e-01 -1.020813515289583640e+00 -3.054221146005909659e+00
9.333333333333333481e-01 -9.611286044802298534e-01 -3.501283497266104661e+00
9.499999999999999556e-01 -9.041040653807134175e-01 -3.087350364827225135e+00
9.666666666666666741e-01 -8.582169256526557266e-01 -2.735207000344908934e+00
9.833333333333332815e-01 -8.129304987025497420e-01 -2.433548277908332835e+00
1.000000000000000000e+00 -7.770986497223779654e-01 -2.883766239307854917e+00
1.016666666666666607e+00 -7.168049573922878892e-01 -4.457933784644235509e+00
1.033333333333333215e+00 -6.285008569009034041e-01 -6.213094820940849417e+00
1.050000000000000044e+00 -5.097017966942596345e-01 -6.344563674835598910e+00
1.066666666666666652e+00 -4.170154010730501293e-01 -4.961853434248929773e+00
1.083333333333333259e+00 -3.443066822192953902e-01 -3.460951271140405794e+00
1.100000000000000089e+00 -3.016503587017032584e-01 -2.054896727801990952e+00
1.116666666666666696e+00 -2.758101246258956585e-01 -1.395362834586382661e+00
1.133333333333333304e+00 -2.551382642154905178e-01 -1.309456750768796418e+00
1.149999999999999911e+00 -2.321615662669358204e-01 -1.477792381947191203e+00
1.166666666666666741e+00 -2.058785181505841388e-01 -1.590897303804421625e+00
1.183333333333333348e+00 -1.791316561401217755e-01 -1.495787768325890221e+00
1.199999999999999956e+00 -1.560189258730544648e-01 -1.086941462055094121e+00
1.216666666666666563e+00 -1.429002740716186215e-01 -3.353320129454528953e-01
1.233333333333333393e+00 -1.448411921082060350e-01 5.314157070781843073e-01
1.250000000000000000e+00 -1.606141309742248058e-01 1.055457912834868006e+00
1.266666666666666607e+00 -1.800231225360349741e-01 9.910727540907594557e-01
1.283333333333333215e+00 -1.936498894439167562e-01 6.072464076600865290e-01
1.300000000000000044e+00 -2.002646694580378639e-01 3.033381454823254053e-01
1.316666666666666652e+00 -2.037611609599942752e-01 8.273641466191206106e-02
1.333333333333333259e+00 -2.030225499467682992e-01 -2.461156599301448367e-01
1.350000000000000089e+00 -1.955573056289894307e-01 -6.401848271564714032e-01
1.366666666666666696e+00 -1.816830557082192155e-01 -8.553091593798962666e-01
1.383333333333333304e+00 -1.670470003163262440e-01 -7.563335093790781727e-01
1.399999999999999911e+00 -1.564719387289166264e-01 -4.483161444849494970e-01
1.416666666666666741e+00 -1.521031288334946108e-01 -1.806588414593670588e-01
1.433333333333333348e+00 -1.504499773469377133e-01 -7.464539051581442486e-02
1.449999999999999956e+00 -1.496149491496341077e-01 -8.123158113259876245e-02
1.466666666666666563e+00 -1.477422579758510823e-01 -2.197114006743676740e-01
1.483333333333333393e+00 -1.422912357938218297e-01 -4.822010993408432644e-01
1.500000000000000000e+00 -1.316688879978229754e-01 -7.965656363121058625e-01
1.516666666666666607e+00 -1.157390479167516723e-01 -1.047518818533589302e+00
1.533333333333333215e+00 -9.675159404670335972e-02 -1.196833853091042288e+00
1.550000000000000044e+00 -7.584458614705025248e-02 -1.146139971438943972e+00
1.566666666666666652e+00 -5.854692833207186808e-02 -8.044635415460013039e-01
1.583333333333333259e+00 -4.902913476218354050e-02 -3.656477929375896441e-01
1.600000000000000089e+00 -4.635866856748555032e-02 1.000177787677299923e-01
1.616666666666666696e+00 -5.236306072110787080e-02 8.582594228835521699e-02
1.633333333333333304e+00 -4.921953331043072560e-02 -5.144312804419860496e-01
1.649999999999999911e+00 -3.521535137304166591e-02 -1.065069473611925721e+00
1.666666666666666741e+00 -1.371721752336654311e-02 -1.131466495199216826e+00
1.683333333333333348e+00 2.500198466932225874e-03 -9.739529860445008680e-01
1.699999999999999956e+00 1.874788201145015376e-02 -9.309151692089600028e-01
1.716666666666666563e+00 3.353070410723089229e-02 -7.894803914707728687e-01
1.733333333333333393e+00 4.506389506047592253e-02 -5.522017924843067860e-01
1.750000000000000000e+00 5.193743052337445459e-02 -2.772898317153718040e-01
1.766666666666666607e+00 5.430688945098830628e-02 -7.806293508120853986e-02
1.783333333333333215e+00 5.453952835941473787e-02 -1.531934537670487373e-02
1.800000000000000044e+00 5.481753429687846735e-02 -1.580738693852012933e-02
1.816666666666666652e+00 5.506644125736540746e-02 5.935001554829977266e-02
1.833333333333333259e+00 5.283920044526847770e-02 2.866111153033461534e-01
1.849999999999999867e+00 4.551273741392053429e-02 6.043707867340391005e-01
1.866666666666666696e+00 3.269350755413383963e-02 8.967361546058386645e-01
1.883333333333333304e+00 1.562153226039258470e-02 1.027212032543017850e+00
1.899999999999999911e+00 -1.546893530633421891e-03 8.074706906974548071e-01
1.916666666666666741e+00 -1.129415742952256940e-02 2.907382185920268092e-01
1.933333333333333348e+00 -1.123816748370098234e-02 -2.791750500741624896e-01
1.949999999999999956e+00 -1.988322427050484651e-03 -3.306318428376691099e-01
1.966666666666666563e+00 -2.171060557786792333e-04 -5.888832568342322604e-02
1.983333333333333393e+00 -2.537823760304367524e-05 -6.513181673360375970e-03
2.000000000000000000e+00 0.000000000000000000e+00 -1.522694256182620257e-03
