0.000000000000000000e+00 8.814378464355756648e+01 9.164986756409348345e+01
1.666666666666666644e-02 8.763971037195504721e+01 1.781508661639145430e+02
3.333333333333333287e-02 8.618412511575449741e+01 3.357062564707248953e+02
5.000000000000000278e-02 8.394694155077706910e+01 4.520706950633370980e+02
6.666666666666666574e-02 8.121134747005778820e+01 4.986164705003821496e+02
8.333333333333332871e-02 7.846216037527287313e+01 4.811397381302143117e+02
1.000000000000000056e-01 7.591881035062543503e+01 4.489225294680397838e+02
1.166666666666666685e-01 7.352401255112442868e+01 4.385953694311211848e+02
1.333333333333333315e-01 7.109426128688311053e+01 4.417729571347888395e+02
1.499999999999999944e-01 6.866451002264174974e+01 4.417729571347896922e+02
1.666666666666666574e-01 6.623475875840041738e+01 4.417729571347879869e+02
1.833333333333333204e-01 6.380500749415908501e+01 4.417729571347871342e+02
2.000000000000000111e-01 6.137525622991775975e+01 4.417729571347879869e+02
2.166666666666666741e-01 5.894550496567642028e+01 4.417729571347879869e+02
2.333333333333333370e-01 5.651575370143508792e+01 4.417729571347871342e+02
2.500000000000000000e-01 5.408600243719376266e+01 4.417729571347879869e+02
2.666666666666666630e-01 5.165625117295242319e+01 4.417482961271298336e+02
2.833333333333333259e-01 4.922677117979533534e+01 4.418481574274011336e+02
2.999999999999999889e-01 4.679592144125101072e+01 4.420414808388457573e+02
3.166666666666666519e-01 4.436431489056803201e+01 4.419622452428021120e+02
3.333333333333333148e-01 4.193433674358018948e+01 4.414015473632663884e+02
3.499999999999999778e-01 3.950889786957209537e+01 4.406256231465383166e+02
3.666666666666666408e-01 3.708745488896826714e+01 4.400083744483059718e+02
3.833333333333333037e-01 3.466880575064073611e+01 4.397816381700656052e+02
4.000000000000000222e-01 3.224985686909754179e+01 4.409390882226739450e+02
4.166666666666666852e-01 2.981847578019132072e+01 4.430998458960387438e+02
4.333333333333333481e-01 2.737575856424111720e+01 4.448677843778070269e+02
4.500000000000000111e-01 2.492493015203544360e+01 4.465805855936696389e+02
4.666666666666666741e-01 2.246337212271075146e+01 4.481356906597324041e+02
4.833333333333333370e-01 1.999543755477838403e+01 4.464579479669909574e+02
5.000000000000000000e-01 1.755233469507384925e+01 4.380635141357291786e+02
5.166666666666666075e-01 1.517673889928536468e+01 4.225732222918085768e+02
5.333333333333333259e-01 1.290402924986395483e+01 4.004494431856126653e+02
5.500000000000000444e-01 1.077179502424362489e+01 3.721359932558899004e+02
5.666666666666666519e-01 8.810533324049165671e+00 3.392073586076327274e+02
5.833333333333333703e-01 7.040514079559664573e+00 3.023318304561789205e+02
5.999999999999999778e-01 5.484883189031197759e+00 2.628959356005787527e+02
6.166666666666666963e-01 4.148658787953299232e+00 2.242052807953640752e+02
6.333333333333333037e-01 3.018625100282193330e+00 1.882088342283445570e+02
6.500000000000000222e-01 2.078361611441508661e+00 1.543086247624137854e+02
6.666666666666666297e-01 1.321230227895641374e+00 1.225597807018817065e+02
6.833333333333333481e-01 7.302040237208098361e-01 9.510332821675675063e+01
6.999999999999999556e-01 2.750936175113171123e-01 7.299325687224461490e+01
7.166666666666666741e-01 -7.272180187388087302e-02 5.622474062797573424e+01
7.333333333333332815e-01 -3.433785293964159990e-01 4.465633572985466770e+01
7.500000000000000000e-01 -5.639414949022822920e-01 3.760316673622597961e+01
7.666666666666666075e-01 -7.570133634949017809e-01 3.401149505667115136e+01
7.833333333333333259e-01 -9.380679405256648895e-01 3.259126307912969622e+01
8.000000000000000444e-01 -1.115517257365328474e+00 3.209699008719286439e+01
8.166666666666666519e-01 -1.291134831484786361e+00 3.141909422238699534e+01
8.333333333333333703e-01 -1.461127293811585348e+00 2.971804722691915401e+01
8.499999999999999778e-01 -1.618033350980897067e+00 2.655073536061911099e+01
8.666666666666666963e-01 -1.753185382778395640e+00 2.189494027650916053e+01
8.833333333333333037e-01 -1.858877694022498028e+00 1.606497510124784256e+01
9.000000000000000222e-01 -1.929900108892121935e+00 9.594690801233811683e+00
9.166666666666666297e-01 -1.964419292836069753e+00 3.125843450598120299e+00
9.333333333333333481e-01 -1.964284386848701214e+00 -2.701498727547129164e+00
9.499999999999999556e-01 -1.934702806833051403e+00 -7.348876906038679380e+00
9.666666666666666741e-01 -1.883446740882275705e+00 -1.045820690286769938e+01
9.833333333333332815e-01 -1.819662530901506647e+00 -1.190451135509455582e+01
1.000000000000000000e+00 -1.752497115976235698e+00 -1.180177783919695855e+01
1.016666666666666607e+00 -1.689842974670340281e+00 -1.045043178920964877e+01
1.033333333333333215e+00 -1.637542366294929552e+00 -8.261527484167041635e+00
1.050000000000000044e+00 -1.598966172344502779e+00 -5.671518079658035560e+00
1.066666666666666652e+00 -1.575155667418691063e+00 -3.060500528865484071e+00
1.083333333333333259e+00 -1.565300666526982409e+00 -6.979876473968094075e-01
1.100000000000000089e+00 -1.567477803297326222e+00 1.267756345974877519e+00
1.116666666666666696e+00 -1.579245986332705964e+00 2.789038476493210794e+00
1.133333333333333304e+00 -1.598157226538751585e+00 3.875794566115722262e+00
1.149999999999999911e+00 -1.621879726559978918e+00 4.548137292895910733e+00
1.166666666666666741e+00 -1.648186736760606674e+00 4.814282820446624811e+00
1.183333333333333348e+00 -1.674836837584891880e+00 4.672546298211033289e+00
1.199999999999999956e+00 -1.699584746040927907e+00 4.119425907929157304e+00
1.216666666666666563e+00 -1.720150522572112539e+00 3.165322495711793138e+00
1.233333333333333393e+00 -1.734403293493757658e+00 1.857855018479845910e+00
1.250000000000000000e+00 -1.740586927775390924e+00 2.863542458541257218e-01
1.266666666666666607e+00 -1.737553190198153130e+00 -1.431551342783956571e+00
1.283333333333333215e+00 -1.724839863004767437e+00 -3.163664528998699765e+00
1.300000000000000044e+00 -1.702752880379167388e+00 -4.779330890766706474e+00
1.316666666666666652e+00 -1.672267223206333586e+00 -6.169283796591393809e+00
1.333333333333333259e+00 -1.634890758616662110e+00 -7.260190243132473853e+00
1.350000000000000089e+00 -1.592405130531876489e+00 -8.022895198299577757e+00
1.366666666666666696e+00 -1.546638911435366692e+00 -8.476591648240905386e+00
1.383333333333333304e+00 -1.499162622401226441e+00 -8.679052074298230224e+00
1.399999999999999911e+00 -1.451169338618086169e+00 -8.697995237658000534e+00
1.416666666666666741e+00 -1.403484674786988462e+00 -8.592785448977018348e+00
1.433333333333333348e+00 -1.356648698679338905e+00 -8.411512545279205000e+00
1.449999999999999956e+00 -1.310958036788917092e+00 -8.189098591157808471e+00
1.466666666666666563e+00 -1.266568614176603047e+00 -7.935951281378454958e+00
1.483333333333333393e+00 -1.223662572693754225e+00 -7.639125448388828232e+00
1.500000000000000000e+00 -1.182538234244325803e+00 -7.279259322886981742e+00
1.516666666666666607e+00 -1.143590720141997252e+00 -6.842053406095391921e+00
1.533333333333333215e+00 -1.107275646777276634e+00 -6.321532320493394863e+00
1.550000000000000044e+00 -1.074053864616570042e+00 -5.723289820343500089e+00
1.566666666666666652e+00 -1.044319458753498076e+00 -5.063051946676262460e+00
1.583333333333333259e+00 -1.018360293203131040e+00 -4.361960555290180785e+00
1.600000000000000089e+00 -9.963378926453061446e-01 -3.650765923175947059e+00
1.616666666666666696e+00 -9.782018680481957551e-01 -2.972697733489830796e+00
1.633333333333333304e+00 -9.636382175769179215e-01 -2.371978239520946552e+00
1.649999999999999911e+00 -9.521101074134652453e-01 -1.886123448040408768e+00
1.666666666666666741e+00 -9.428908596484734117e-01 -1.552635852473129852e+00
1.683333333333333348e+00 -9.350311130362608525e-01 -1.413090935881742283e+00
1.699999999999999956e+00 -9.273468593537742555e-01 -1.506900775360748845e+00
1.716666666666666563e+00 -9.184552045072926774e-01 -1.864211106126401063e+00
1.733333333333333393e+00 -9.068405371863839104e-01 -2.506046389345502057e+00
1.750000000000000000e+00 -8.908886942244921281e-01 -3.445193161937432080e+00
1.766666666666666607e+00 -8.689434124050721131e-01 -4.679260675009215831e+00
1.783333333333333215e+00 -8.394168267993906696e-01 -6.179880009087832526e+00
1.800000000000000044e+00 -8.009647323051060086e-01 -7.900204888282309490e+00
1.816666666666666652e+00 -7.525145730282852830e-01 -9.802836988747136715e+00
1.833333333333333259e+00 -6.931335254288873982e-01 -1.175742252694792001e+01
1.849999999999999867e+00 -6.231829252318581425e-01 -1.358901567714551106e+01
1.866666666666666696e+00 -5.436543529802868591e-01 -1.523321317675450359e+01
1.883333333333333304e+00 -4.556175802875586656e-01 -1.657360319520252645e+01
1.899999999999999911e+00 -3.613447178330590481e-01 -1.716870041945583836e+01
1.916666666666666741e+00 -2.667618756735444241e-01 -1.645086686430752110e+01
1.933333333333333348e+00 -1.803851823256762965e-01 -1.423966702833560127e+01
1.949999999999999956e+00 -1.101255383618527789e-01 -1.098083462918213193e+01
1.966666666666666563e+00 -5.959600140467285340e-02 -7.691837955576822594e+00
1.983333333333333393e+00 -2.551532085050772433e-02 -5.417818309515709529e+00
2.000000000000000000e+00 -4.865899350114944023e-17 -4.639149245546850153e+00
