0.000000000000000000e+00 2.915308320005411247e+02 1.026555602809025913e+02
1.666666666666666644e-02 2.898199059958594148e+02 1.995439542538832711e+02
3.333333333333333287e-02 2.848793668587450156e+02 3.760192432761044756e+02
5.000000000000000278e-02 2.772859312199892656e+02 5.063572018349998416e+02
6.666666666666666574e-02 2.680007934642450209e+02 5.584923852585569648e+02
8.333333333333332871e-02 2.586695183780373668e+02 5.389169750476904710e+02
1.000000000000000056e-01 2.500368942959886738e+02 5.028309915781585460e+02
1.166666666666666685e-01 2.419084853254320819e+02 4.912637037262825856e+02
1.333333333333333315e-01 2.336614375051125876e+02 4.948228692191688083e+02
1.499999999999999944e-01 2.254143896847931217e+02 4.948228692191679556e+02
1.666666666666666574e-01 2.171673418644736557e+02 4.948228692191679556e+02
1.833333333333333204e-01 2.089202940441541898e+02 4.948228692191679556e+02
2.000000000000000111e-01 2.006732462238347239e+02 4.948228692191679556e+02
2.166666666666666741e-01 1.924261984035152580e+02 4.948228692191688083e+02
2.333333333333333370e-01 1.841791505831957636e+02 4.948228692191679556e+02
2.500000000000000000e-01 1.759321027628763261e+02 4.948228692191679556e+02
2.666666666666666630e-01 1.676850549425568317e+02 4.948228692191688083e+02
2.833333333333333259e-01 1.594380071222373658e+02 4.948228692191679556e+02
2.999999999999999889e-01 1.511909593019178999e+02 4.948228692191671030e+02
3.166666666666666519e-01 1.429439114815984624e+02 4.948228692191679556e+02
3.333333333333333148e-01 1.346968636612789680e+02 4.948228692191688083e+02
3.499999999999999778e-01 1.264498158409595021e+02 4.948228692191679556e+02
3.666666666666666408e-01 1.182027680206400362e+02 4.948228692191675577e+02
3.833333333333333037e-01 1.099557202003205845e+02 4.948228692191679556e+02
4.000000000000000222e-01 1.017086723800011043e+02 4.948228692191684104e+02
4.166666666666666852e-01 9.346162455968163840e+01 4.948931849402038097e+02
4.333333333333333481e-01 8.521223288199431067e+01 4.943293008307406922e+02
4.500000000000000111e-01 7.698398119865694866e+01 4.945770821281049052e+02
4.666666666666666741e-01 6.872633014439081478e+01 4.978433323166622699e+02
4.833333333333333370e-01 6.038920345476820728e+01 5.023844648895811247e+02
5.000000000000000000e-01 5.198018131473811110e+01 5.028879926331015326e+02
5.166666666666666075e-01 4.362627036699815619e+01 4.954087779989948217e+02
5.333333333333333259e-01 3.546655538143828323e+01 4.786580342011059770e+02
5.500000000000000444e-01 2.767100256029462457e+01 4.513402113505936200e+02
5.666666666666666519e-01 2.042188166975182995e+01 4.136650823290344192e+02
5.833333333333333703e-01 1.388216648266014452e+01 3.675104795385800571e+02
5.999999999999999778e-01 8.171532351799161376e+00 3.159832317196050440e+02
6.166666666666666963e-01 3.349392092006643118e+00 2.650636650609598064e+02
6.333333333333333037e-01 -6.639231502328321044e-01 2.195910578415584666e+02
6.500000000000000222e-01 -3.970309836045305740e+00 1.796739191054836908e+02
6.666666666666666297e-01 -6.653053787082288117e+00 1.436048962011227843e+02
6.833333333333333481e-01 -8.757139709416065898e+00 1.117293632648513864e+02
6.999999999999999556e-01 -1.037736589591066760e+01 8.492396133365888033e+01
7.166666666666666741e-01 -1.158793842053802869e+01 6.231042869789654048e+01
7.333333333333332815e-01 -1.245438018584055229e+01 4.357716277889039702e+01
7.500000000000000000e-01 -1.304051051316770860e+01 2.850229214952893386e+01
7.666666666666666075e-01 -1.340445659082485008e+01 1.672786185563687411e+01
7.833333333333333259e-01 -1.359810590835560440e+01 7.849966911662171754e+00
8.000000000000000444e-01 -1.366612215454692247e+01 1.499454210772501739e+00
8.166666666666666519e-01 -1.364808771538135446e+01 -2.683336526300070801e+00
8.333333333333333703e-01 -1.357667760367025345e+01 -5.119038168431124802e+00
8.499999999999999778e-01 -1.347745310976698363e+01 -6.261916385631334236e+00
8.666666666666666963e-01 -1.336794705748254231e+01 -6.579430186841257466e+00
8.833333333333333037e-01 -1.325813877020560838e+01 -6.495448305508553233e+00
9.000000000000000222e-01 -1.315143211396559053e+01 -6.368024318299205788e+00
9.166666666666666297e-01 -1.304587129292896819e+01 -6.485692939842184757e+00
9.333333333333333481e-01 -1.293524234930418437e+01 -7.024318315795188283e+00
9.499999999999999556e-01 -1.281172734906912858e+01 -7.996095633633917288e+00
9.666666666666666741e-01 -1.266870582818305380e+01 -9.281492751554729637e+00
9.833333333333332815e-01 -1.250234425735063759e+01 -1.070941737071697375e+01
1.000000000000000000e+00 -1.231172524915915467e+01 -1.211156490423013210e+01
1.016666666666666607e+00 -1.209862542720963319e+01 -1.334568400491511042e+01
1.033333333333333215e+00 -1.186686911566198432e+01 -1.431068962735507100e+01
1.050000000000000044e+00 -1.162160243963113082e+01 -1.495626167251648653e+01
1.066666666666666652e+00 -1.136832705991143477e+01 -1.529544254613588450e+01
1.083333333333333259e+00 -1.111175435475993467e+01 -1.539928627002499439e+01
1.100000000000000089e+00 -1.085501751757726829e+01 -1.536414687348083064e+01
1.116666666666666696e+00 -1.059961612564390698e+01 -1.528055698126593143e+01
1.133333333333333304e+00 -1.034566561820173725e+01 -1.523524780725329819e+01
1.149999999999999911e+00 -1.009177453206879704e+01 -1.530119182772370579e+01
1.166666666666666741e+00 -9.835625890610947053e+00 -1.550492332856485689e+01
1.183333333333333348e+00 -9.574943754449968480e+00 -1.581567101800583686e+01
1.199999999999999956e+00 -9.308436856677419158e+00 -1.616997447279047151e+01
1.216666666666666563e+00 -9.035944605356952763e+00 -1.649732001777396206e+01
1.233333333333333393e+00 -8.758526189418287089e+00 -1.673452758896649684e+01
1.250000000000000000e+00 -8.478127019058069536e+00 -1.683365283908470289e+01
1.266666666666666607e+00 -8.197404428115463659e+00 -1.676562419339694188e+01
1.283333333333333215e+00 -7.919272879278171473e+00 -1.652648795343462496e+01
1.300000000000000044e+00 -7.646521496334309553e+00 -1.614230366208832379e+01
1.316666666666666652e+00 -7.381196090541894073e+00 -1.565704794981677139e+01
1.333333333333333259e+00 -7.124619898007083840e+00 -1.511005688287393234e+01
1.350000000000000089e+00 -6.877527527779429661e+00 -1.452653538505539466e+01
1.366666666666666696e+00 -6.640402051838570685e+00 -1.392297097674753736e+01
1.383333333333333304e+00 -6.413428495221178416e+00 -1.331264111793748484e+01
1.399999999999999911e+00 -6.196647347907321191e+00 -1.270568886432744016e+01
1.416666666666666741e+00 -5.989905533076930411e+00 -1.210846460458869345e+01
1.433333333333333348e+00 -5.793031861087698076e+00 -1.152905410349436721e+01
1.449999999999999956e+00 -5.605603729627118170e+00 -1.098211685143258620e+01
1.466666666666666563e+00 -5.426961299373278536e+00 -1.048485025218347744e+01
1.483333333333333393e+00 -5.256108721221002256e+00 -1.005206231281036366e+01
1.500000000000000000e+00 -5.091892555612933080e+00 -9.691011754316178894e+00
1.516666666666666607e+00 -4.933074996077129626e+00 -9.398388708709557449e+00
1.533333333333333215e+00 -4.778612931989281165e+00 -9.158583799955355431e+00
1.550000000000000044e+00 -4.627788869411951111e+00 -8.949510867253387403e+00
1.566666666666666652e+00 -4.480295903080834918e+00 -8.746446192397279162e+00
1.583333333333333259e+00 -4.336240662998708473e+00 -8.527904370773828902e+00
1.600000000000000089e+00 -4.196032424055040622e+00 -8.285205503657424586e+00
1.616666666666666696e+00 -4.060067146210127653e+00 -8.024075062592457286e+00
1.633333333333333304e+00 -3.928563255301958712e+00 -7.759004048924893482e+00
1.649999999999999911e+00 -3.801433677912631204e+00 -7.511599482789534932e+00
1.666666666666666741e+00 -3.678176605875640881e+00 -7.311459126188641910e+00
1.683333333333333348e+00 -3.557718373706343140e+00 -7.191039189142838239e+00
1.699999999999999956e+00 -3.438475299570879606e+00 -7.181585897372526617e+00
1.716666666666666563e+00 -3.318332177127258920e+00 -7.313141376774048297e+00
1.733333333333333393e+00 -3.194703920345077997e+00 -7.613282541095753864e+00
1.750000000000000000e+00 -3.064556092424067124e+00 -8.107337285748418054e+00
1.766666666666666607e+00 -2.924459344153464091e+00 -8.812829723073184240e+00
1.783333333333333215e+00 -2.770795101654961012e+00 -9.728397297618505135e+00
1.800000000000000044e+00 -2.600179434232847253e+00 -1.083974686625710504e+01
1.816666666666666652e+00 -2.409470206113057511e+00 -1.214662794890945285e+01
1.833333333333333259e+00 -2.195291835935865521e+00 -1.355209576211750289e+01
1.849999999999999867e+00 -1.957733680709140778e+00 -1.490554759163402032e+01
1.866666666666666696e+00 -1.698440249548064829e+00 -1.616598316940287461e+01
1.883333333333333304e+00 -1.418867575062378261e+00 -1.723579083872225581e+01
1.899999999999999911e+00 -1.123913888257322968e+00 -1.766522626084325154e+01
1.916666666666666741e+00 -8.300266997009365655e-01 -1.684723842646488379e+01
1.933333333333333348e+00 -5.623392740418268199e-01 -1.456177847778928935e+01
1.949999999999999956e+00 -3.446340837746268981e-01 -1.124228711000620073e+01
1.966666666666666563e+00 -1.875963703749534695e-01 -7.914973807720910415e+00
1.983333333333333393e+00 -8.080162351726323522e-02 -5.627891111248598754e+00
2.000000000000000000e+00 -1.734723475976807094e-16 -4.848097411035783288e+00
