0.000000000000000000e+00 3.073244028398356704e+02 1.286556128656468445e+02
1.666666666666666644e-02 3.051801426254082230e+02 2.500833823118705368e+02
3.333333333333333287e-02 2.989882900961066525e+02 4.712553909460655177e+02
5.000000000000000278e-02 2.894716295938727058e+02 6.346046522249162081e+02
6.666666666666666574e-02 2.778348016886094456e+02 6.999443567364585306e+02
8.333333333333332871e-02 2.661401510359907547e+02 6.754109910728332125e+02
1.000000000000000056e-01 2.553211019861816737e+02 6.301853422484723524e+02
1.166666666666666685e-01 2.451339729610416782e+02 6.156883534472408428e+02
1.333333333333333315e-01 2.347981568712736475e+02 6.201489653860818407e+02
1.499999999999999944e-01 2.244623407815056169e+02 6.201489653860801354e+02
1.666666666666666574e-01 2.141265246917376430e+02 6.201489653860810449e+02
1.833333333333333204e-01 2.037907086019695839e+02 6.201489653860818407e+02
2.000000000000000111e-01 1.934548925122015817e+02 6.201489653860801354e+02
2.166666666666666741e-01 1.831190764224335794e+02 6.199012592910059993e+02
2.333333333333333370e-01 1.727915172025013817e+02 6.207585421234407477e+02
2.500000000000000000e-01 1.624271250183188897e+02 6.231155272503500555e+02
2.666666666666666630e-01 1.520209996274897151e+02 6.239141651435426184e+02
2.833333333333333259e-01 1.416299861802008024e+02 6.198127204375143720e+02
2.999999999999999889e-01 1.313605756129059046e+02 6.111989176194225593e+02
3.166666666666666519e-01 1.212566889262200505e+02 6.005523512340332672e+02
3.333333333333333148e-01 1.113421639051047975e+02 5.908394029700757528e+02
3.499999999999999778e-01 1.015620421605508596e+02 5.829454453062508037e+02
3.666666666666666408e-01 9.191064906156310599e+01 5.747698825379072787e+02
3.833333333333333037e-01 8.240304607595395225e+01 5.687000126231129116e+02
4.000000000000000222e-01 7.295398197412600894e+01 5.704235759314652796e+02
4.166666666666666852e-01 6.338892687823844341e+01 5.761278932733461033e+02
4.333333333333333481e-01 5.374971886501447216e+01 5.731768059288073118e+02
4.500000000000000111e-01 4.428303334727819873e+01 5.546990211484187512e+02
4.666666666666666741e-01 3.525975149340051473e+01 5.212608557877122166e+02
4.833333333333333370e-01 2.690767148768779293e+01 4.746001218193545128e+02
5.000000000000000000e-01 1.943974743275536454e+01 4.177827614899786113e+02
5.166666666666666075e-01 1.298157943802183922e+01 3.533381924902282663e+02
5.333333333333333259e-01 7.661807683081090836e+00 2.845340808903879406e+02
5.500000000000000444e-01 3.497110075008907693e+00 2.202656349648040646e+02
5.666666666666666519e-01 3.196198509209557947e-01 1.676239100774670590e+02
5.833333333333333703e-01 -2.090353594239994450e+00 1.247819360346867654e+02
5.999999999999999778e-01 -3.839778016901936208e+00 8.716755991700146922e+01
6.166666666666666963e-01 -4.995938924806710091e+00 5.505622078478533155e+01
6.333333333333333037e-01 -5.674985376394780623e+00 2.915251293833736668e+01
6.500000000000000222e-01 -5.967689356084622254e+00 8.828735432651271253e+00
6.666666666666666297e-01 -5.969276557483156331e+00 -5.538180753346173546e+00
6.833333333333333481e-01 -5.783083330973083136e+00 -1.380637310718502597e+01
6.999999999999999556e-01 -5.509064120576988799e+00 -1.650439317196226341e+01
7.166666666666666741e-01 -5.232936891907674415e+00 -1.471553275086171730e+01
7.333333333333332815e-01 -5.018546362214931555e+00 -9.878305461133685128e+00
7.500000000000000000e-01 -4.903660043203218244e+00 -3.635656100744073527e+00
7.666666666666666075e-01 -4.897357825523462438e+00 2.416943513619100870e+00
7.833333333333333259e-01 -4.984224826990521606e+00 7.013367128680263463e+00
8.000000000000000444e-01 -5.131136729812804553e+00 9.421612389616198513e+00
8.166666666666666519e-01 -5.298278573311061557e+00 9.552256824079696784e+00
8.333333333333333703e-01 -5.449545290615461113e+00 7.818371828208094954e+00
8.499999999999999778e-01 -5.558890967584664722e+00 4.817627275444769097e+00
8.666666666666666963e-01 -5.610132866463620083e+00 1.113448314296636710e+00
8.833333333333333037e-01 -5.596005911394552612e+00 -2.819658218806315730e+00
9.000000000000000222e-01 -5.516144259170076225e+00 -6.612646673761917171e+00
9.166666666666666297e-01 -5.375584355602488706e+00 -1.000492394933276685e+01
9.333333333333333481e-01 -5.182646794192317330e+00 -1.281707497213615987e+01
9.499999999999999556e-01 -4.948348523197950044e+00 -1.493589505764695957e+01
9.666666666666666741e-01 -4.684783625604085344e+00 -1.633037396200709424e+01
9.833333333333332815e-01 -4.404002724464380236e+00 -1.704549933286675767e+01
1.000000000000000000e+00 -4.116600314508526814e+00 -1.715338253084616937e+01
1.016666666666666607e+00 -3.832223306769507953e+00 -1.672752438956021948e+01
1.033333333333333215e+00 -3.559016168189852891e+00 -1.584119845366794621e+01
1.050000000000000044e+00 -3.304183358313909746e+00 -1.454825303176469831e+01
1.066666666666666652e+00 -3.074074400464362977e+00 -1.288112618448019830e+01
1.083333333333333259e+00 -2.874812485497903136e+00 -1.087536947249868469e+01
1.100000000000000089e+00 -2.711562084714406851e+00 -8.602373931635694859e+00
1.116666666666666696e+00 -2.588066687776713337e+00 -6.191811871579595561e+00
1.133333333333333304e+00 -2.505168355661753665e+00 -3.859460701950996331e+00
1.149999999999999911e+00 -2.459417997711680126e+00 -1.866892839964355844e+00
1.166666666666666741e+00 -2.442938594329608470e+00 -4.312750280550625703e-01
1.183333333333333348e+00 -2.445042163443178040e+00 3.142459427670374339e-01
1.199999999999999956e+00 -2.453413459088509718e+00 3.484121833696240955e-01
1.216666666666666563e+00 -2.456655902888832177e+00 -2.045401295722726331e-01
1.233333333333333393e+00 -2.446595454769433964e+00 -1.098133727743504373e+00
1.250000000000000000e+00 -2.420051445297382031e+00 -2.052717320364214615e+00
1.266666666666666607e+00 -2.378171544090626810e+00 -2.832441454410554726e+00
1.283333333333333215e+00 -2.325636730150363540e+00 -3.284830222986103720e+00
1.300000000000000044e+00 -2.268677203324423353e+00 -3.369253759448049834e+00
1.316666666666666652e+00 -2.213328271502095212e+00 -3.141892423967638237e+00
1.333333333333333259e+00 -2.163947455858835411e+00 -2.721802083444275766e+00
1.350000000000000089e+00 -2.122601535387286020e+00 -2.253858822024015218e+00
1.366666666666666696e+00 -2.088818828458034904e+00 -1.862487603880680354e+00
1.383333333333333304e+00 -2.060518615257930009e+00 -1.621579457241963951e+00
1.399999999999999911e+00 -2.034766179883302772e+00 -1.555378002065124221e+00
1.416666666666666741e+00 -2.008672681855759201e+00 -1.653091113318940764e+00
1.433333333333333348e+00 -1.979663142772671414e+00 -1.881506774333150389e+00
1.449999999999999956e+00 -1.945955789377987522e+00 -2.201240947360860734e+00
1.466666666666666563e+00 -1.906288444527309389e+00 -2.576096611926521618e+00
1.483333333333333393e+00 -1.860085902313770134e+00 -2.970613124662060400e+00
1.500000000000000000e+00 -1.807268007038574043e+00 -3.358856359923010348e+00
1.516666666666666607e+00 -1.748124023649669789e+00 -3.725403309221189119e+00
1.533333333333333215e+00 -1.683087896731201072e+00 -4.059178119073323820e+00
1.550000000000000044e+00 -1.612818086347225677e+00 -4.350185824988124672e+00
1.566666666666666652e+00 -1.538081702564930264e+00 -4.594161577475992964e+00
1.583333333333333259e+00 -1.459679367098025926e+00 -4.792349039742347827e+00
1.600000000000000089e+00 -1.378336734573518685e+00 -4.951979230062358184e+00
1.616666666666666696e+00 -1.294613392762614001e+00 -5.083708830595985440e+00
1.633333333333333304e+00 -1.208879773553652504e+00 -5.192718060463084484e+00
1.649999999999999911e+00 -1.121522790747177867e+00 -5.278082276487214841e+00
1.666666666666666741e+00 -1.032943697670745342e+00 -5.340716107150845993e+00
1.683333333333333348e+00 -9.434989205088163411e-01 -5.381021068883571346e+00
1.699999999999999956e+00 -8.535763287079596306e-01 -5.389745184703379266e+00
1.716666666666666563e+00 -7.638407476853703582e-01 -5.347460973116745286e+00
1.733333333333333393e+00 -6.753276296040681137e-01 -5.236708473350955018e+00
1.750000000000000000e+00 -5.892837985736718576e-01 -5.051402510469834795e+00
1.766666666666666607e+00 -5.069475459217402946e-01 -4.797648498893992475e+00
1.783333333333333215e+00 -4.293621819438721010e-01 -4.486349817981268195e+00
1.800000000000000044e+00 -3.574025519890313696e-01 -4.128312995768006921e+00
1.816666666666666652e+00 -2.917517487516051999e-01 -3.736430904542736631e+00
1.833333333333333259e+00 -2.328548551709401504e-01 -3.322817628215881225e+00
1.849999999999999867e+00 -1.809911611444091628e-01 -2.899850817317158214e+00
1.866666666666666696e+00 -1.361931612603682062e-01 -2.481064360052754214e+00
1.883333333333333304e+00 -9.828901580931735660e-02 -2.073148514442720636e+00
1.899999999999999911e+00 -6.708821077894418228e-02 -1.673147194823496164e+00
1.916666666666666741e+00 -4.251744264853415251e-02 -1.281803218671901057e+00
1.933333333333333348e+00 -2.436143682321414636e-02 -9.116767797480771485e-01
1.949999999999999956e+00 -1.212821665693158447e-02 -5.808734290271216905e-01
1.966666666666666563e+00 -4.998989188976756676e-03 -3.168615389456953535e-01
1.983333333333333393e+00 -1.566165358741739662e-03 -1.499696756693025268e-01
2.000000000000000000e+00 -6.234162491791650496e-18 -9.396992152450400759e-02
