0.000000000000000000e+00 3.960278069631631865e+02 1.255156982440769298e+02
1.666666666666666644e-02 3.939358786590952377e+02 2.439799527665763890e+02
3.333333333333333287e-02 3.878951418709439736e+02 4.597541306468514222e+02
5.000000000000000278e-02 3.786107409708668570e+02 6.191167587545015749e+02
6.666666666666666574e-02 3.672579165791272544e+02 6.828618099975551559e+02
8.333333333333332871e-02 3.558486806376150184e+02 6.589271953083175504e+02
1.000000000000000056e-01 3.452936767355166694e+02 6.148053045933062322e+02
1.166666666666666685e-01 3.353551704845048107e+02 6.006621231860282251e+02
1.333333333333333315e-01 3.252716059626490619e+02 6.050138713113432232e+02
1.499999999999999944e-01 3.151880414407933699e+02 6.050138713113415179e+02
1.666666666666666574e-01 3.051044769189376780e+02 6.050138713113432232e+02
1.833333333333333204e-01 2.950209123970819292e+02 6.050138713113449285e+02
2.000000000000000111e-01 2.849373478752261803e+02 6.050138713113449285e+02
2.166666666666666741e-01 2.748537833533704315e+02 6.050138713113449285e+02
2.333333333333333370e-01 2.647702188315146827e+02 6.050138713113424274e+02
2.500000000000000000e-01 2.546866543096590192e+02 6.050138713113415179e+02
2.666666666666666630e-01 2.446030897878032988e+02 6.050138713113432232e+02
2.833333333333333259e-01 2.345195252659475784e+02 6.050138713113432232e+02
2.999999999999999889e-01 2.244359607440918580e+02 6.050138713113424274e+02
3.166666666666666519e-01 2.143523962222361661e+02 6.050138713113424274e+02
3.333333333333333148e-01 2.042688317003804457e+02 6.050138713113432232e+02
3.499999999999999778e-01 1.941852671785247253e+02 6.050028826668060447e+02
3.666666666666666408e-01 1.841020689448202461e+02 6.050718895743810890e+02
3.833333333333333037e-01 1.740162041927120242e+02 6.050582875294131782e+02
4.000000000000000222e-01 1.639334593605064754e+02 6.048275688207340863e+02
4.166666666666666852e-01 1.538552852320208899e+02 6.046927071176478421e+02
4.333333333333333481e-01 1.437770357899182159e+02 6.049052537002152121e+02
4.500000000000000111e-01 1.336917767753470514e+02 6.050739319181778910e+02
4.666666666666666741e-01 1.236079047259789547e+02 6.062086941110625276e+02
4.833333333333333370e-01 1.134848203049782995e+02 6.083266691130083927e+02
5.000000000000000000e-01 1.033303490888786769e+02 6.082051989206576081e+02
5.166666666666666075e-01 9.321131367428971259e+01 6.060736792489207119e+02
5.333333333333333259e-01 8.312789311391465219e+01 6.050756546888322873e+02
5.500000000000000444e-01 7.304212518466196968e+01 6.029077327532653499e+02
5.666666666666666519e-01 6.303096868880580672e+01 5.923412258872758684e+02
5.833333333333333703e-01 5.329741765508610740e+01 5.699748125439216437e+02
5.999999999999999778e-01 4.403180827067508574e+01 5.356256306242531764e+02
6.166666666666666963e-01 3.544322996761100342e+01 4.891353132864201143e+02
6.333333333333333037e-01 2.772729782779441621e+01 4.335477239100061411e+02
6.500000000000000222e-01 2.099163917061079943e+01 3.718889274594495760e+02
6.666666666666666297e-01 1.533100024581276344e+01 3.070389129907235883e+02
6.833333333333333481e-01 1.075700873758668052e+01 2.467651818457104582e+02
6.999999999999999556e-01 7.105494184289081971e+00 1.979114919495794140e+02
7.166666666666666741e-01 4.159959005934033449e+00 1.595299248122895506e+02
7.333333333333332815e-01 1.787830023879430463e+00 1.276399393209552926e+02
7.500000000000000000e-01 -9.470563809780990772e-02 1.020493749828848991e+02
7.666666666666666075e-01 -1.613815808883399594e+00 8.249164682681522720e+01
7.833333333333333259e-01 -2.844427198991650751e+00 6.674491114976400752e+01
8.000000000000000444e-01 -3.838646180542199637e+00 5.380178922320583723e+01
8.166666666666666519e-01 -4.637820173098512022e+00 4.305466169602273396e+01
8.333333333333333703e-01 -5.273801570409624162e+00 3.396324973638326128e+01
8.499999999999999778e-01 -5.769928497644620791e+00 2.615809642070111352e+01
8.666666666666666963e-01 -6.145738117766327946e+00 1.949671738251694819e+01
8.833333333333333037e-01 -6.419819077061852397e+00 1.388977147926337530e+01
9.000000000000000222e-01 -6.608730500408440456e+00 9.229815470646212106e+00
9.166666666666666297e-01 -6.727479592750059467e+00 5.425450722995162067e+00
9.333333333333333481e-01 -6.789578857841612525e+00 2.379065515336407088e+00
9.499999999999999556e-01 -6.806781776594606370e+00 -1.715682559731313006e-02
9.666666666666666741e-01 -6.789006963655035420e+00 -1.869411120962247708e+00
9.833333333333332815e-01 -6.744468072562531447e+00 -3.280303291601898152e+00
1.000000000000000000e+00 -6.679663520601638815e+00 -4.353674589609992651e+00
1.016666666666666607e+00 -6.599345586242198358e+00 -5.191175533541656506e+00
1.033333333333333215e+00 -6.506624336150250265e+00 -5.881823819519427232e+00
1.050000000000000044e+00 -6.403284792258217450e+00 -6.491528137356992190e+00
1.066666666666666652e+00 -6.290240064905017192e+00 -7.059702740977318314e+00
1.083333333333333259e+00 -6.167961367558973507e+00 -7.604714066306579312e+00
1.100000000000000089e+00 -6.036749596028131215e+00 -8.130045185940666386e+00
1.116666666666666696e+00 -5.896959861360951294e+00 -8.628902402223754819e+00
1.133333333333333304e+00 -5.749119515954006054e+00 -9.092484688607633814e+00
1.149999999999999911e+00 -5.593877038407363500e+00 -9.518439455628238122e+00
1.166666666666666741e+00 -5.431838200766398117e+00 -9.908874711990360851e+00
1.183333333333333348e+00 -5.263581214674351472e+00 -1.026029666149549158e+01
1.199999999999999956e+00 -5.089828312049881731e+00 -1.055678329323511022e+01
1.216666666666666563e+00 -4.911688438233181131e+00 -1.077445234786535089e+01
1.233333333333333393e+00 -4.730679900454370035e+00 -1.089430851970750069e+01
1.250000000000000000e+00 -4.548544820909597775e+00 -1.091468390699888324e+01
1.266666666666666607e+00 -4.366857103554407260e+00 -1.086034859400744956e+01
1.283333333333333215e+00 -4.186533201109349456e+00 -1.078515751451547544e+01
1.300000000000000044e+00 -4.007351853070558079e+00 -1.076472121969103668e+01
1.316666666666666652e+00 -3.827709160452981596e+00 -1.087766849248105849e+01
1.333333333333333259e+00 -3.644762903321189462e+00 -1.117891914912915041e+01
1.350000000000000089e+00 -3.455078522148676612e+00 -1.167230650037355488e+01
1.366666666666666696e+00 -3.255686019975404299e+00 -1.229100172499710375e+01
1.383333333333333304e+00 -3.045378464648773154e+00 -1.289651574815223078e+01
1.399999999999999911e+00 -2.825802161703663273e+00 -1.330277784151003040e+01
1.416666666666666741e+00 -2.601952536598438837e+00 -1.332429701642216280e+01
1.433333333333333348e+00 -2.381658927822924543e+00 -1.283108190142538163e+01
1.449999999999999956e+00 -2.174249806550926145e+00 -1.178534824610333587e+01
1.466666666666666563e+00 -1.988813986286146696e+00 -1.025172917589284971e+01
1.483333333333333393e+00 -1.832525500687831155e+00 -8.386576765422038449e+00
1.500000000000000000e+00 -1.709261427438745429e+00 -6.408851390535126313e+00
1.516666666666666607e+00 -1.618897121003326944e+00 -4.551518556344422706e+00
1.533333333333333215e+00 -1.557544142227264672e+00 -3.004859295927535534e+00
1.550000000000000044e+00 -1.518735144472409093e+00 -1.874875911587281507e+00
1.566666666666666652e+00 -1.495048278507688622e+00 -1.176297860645825200e+00
1.583333333333333259e+00 -1.479525215784214920e+00 -8.569681697935749298e-01
1.600000000000000089e+00 -1.466482672847902791e+00 -8.294387122176494209e-01
1.616666666666666696e+00 -1.451877258710293273e+00 -9.935602088290629297e-01
1.633333333333333304e+00 -1.433363999220267360e+00 -1.254091051955037450e+00
1.649999999999999911e+00 -1.410074223645125358e+00 -1.537007432420043340e+00
1.666666666666666741e+00 -1.382130418139599248e+00 -1.797503805697142631e+00
1.683333333333333348e+00 -1.350157430121887270e+00 -2.017762717621445212e+00
1.699999999999999956e+00 -1.314871660885551075e+00 -2.200593530131647046e+00
1.716666666666666563e+00 -1.276804312450832368e+00 -2.362490565732575654e+00
1.733333333333333393e+00 -1.236121975361131886e+00 -2.530230557921155921e+00
1.750000000000000000e+00 -1.192463293853460504e+00 -2.738750790162511883e+00
1.766666666666666607e+00 -1.144830282355714823e+00 -3.022538841619437644e+00
1.783333333333333215e+00 -1.091711999132812583e+00 -3.403148505673110336e+00
1.800000000000000044e+00 -1.031391998833277812e+00 -3.887435836830953839e+00
1.816666666666666652e+00 -9.621308045717807955e-01 -4.477347768691757324e+00
1.833333333333333259e+00 -8.821470732102192347e-01 -5.125240594545428685e+00
1.849999999999999867e+00 -7.912894514202665208e-01 -5.758169655481348848e+00
1.866666666666666696e+00 -6.902080846941742731e-01 -6.353105500951008899e+00
1.883333333333333304e+00 -5.795192680552329056e-01 -6.869172875693520197e+00
1.899999999999999911e+00 -4.612356555043902739e-01 -7.119465731956567289e+00
1.916666666666666741e+00 -3.422037436566806590e-01 -6.847444257102837106e+00
1.933333333333333348e+00 -2.329875136009623704e-01 -5.956594224324725850e+00
1.949999999999999956e+00 -1.436506028458564566e-01 -4.626440026018004303e+00
1.966666666666666563e+00 -7.877284606702890379e-02 -3.284548903937754893e+00
1.983333333333333393e+00 -3.416563938126462863e-02 -2.363185382010865254e+00
2.000000000000000000e+00 -6.765421556309547668e-17 -2.049938362875873388e+00
