0.000000000000000000e+00 3.094590545074682950e+02 4.944423561085363872e+02
1.666666666666666644e-02 3.012183485723260219e+02 4.944423561085363872e+02
3.333333333333333287e-02 2.929776426371837488e+02 4.944423561085363872e+02
5.000000000000000278e-02 2.847369367020414757e+02 4.944423561085363872e+02
6.666666666666666574e-02 2.764962307668992025e+02 4.944423561085363872e+02
8.333333333333332871e-02 2.682555248317569294e+02 4.944423561085363872e+02
1.000000000000000056e-01 2.600148188966146563e+02 4.944423561085355345e+02
1.166666666666666685e-01 2.517741129614724116e+02 4.944423561085355345e+02
1.333333333333333315e-01 2.435334070263301385e+02 4.944423561085363872e+02
1.499999999999999944e-01 2.352927010911878654e+02 4.944423561085363872e+02
1.666666666666666574e-01 2.270519951560455922e+02 4.944423561085363872e+02
1.833333333333333204e-01 2.188112892209033191e+02 4.944423561085363872e+02
2.000000000000000111e-01 2.105705832857610460e+02 4.944423561085363872e+02
2.166666666666666741e-01 2.023298773506187729e+02 4.944423561085363872e+02
2.333333333333333370e-01 1.940891714154764998e+02 4.944423561085363872e+02
2.500000000000000000e-01 1.858484654803342266e+02 4.944423561085363872e+02
2.666666666666666630e-01 1.776077595451919535e+02 4.944423561085363872e+02
2.833333333333333259e-01 1.693670536100496804e+02 4.944423561085363872e+02
2.999999999999999889e-01 1.611263476749074073e+02 4.944423561085363872e+02
3.166666666666666519e-01 1.528856417397651342e+02 4.944423561085363872e+02
3.333333333333333148e-01 1.446449358046228610e+02 4.944423561085363872e+02
3.499999999999999778e-01 1.364042298694805879e+02 4.944423561085363872e+02
3.666666666666666408e-01 1.281635239343383148e+02 4.944423561085363872e+02
3.833333333333333037e-01 1.199228179991960417e+02 4.944423561085363872e+02
4.000000000000000222e-01 1.116821120640537686e+02 4.944423561085363872e+02
4.166666666666666852e-01 1.034414061289114954e+02 4.944423561085363872e+02
4.333333333333333481e-01 9.520070019376922232e+01 4.944423561085363872e+02
4.500000000000000111e-01 8.695999425862694920e+01 4.944423561085363872e+02
4.666666666666666741e-01 7.871928832348467608e+01 4.944423561085363872e+02
4.833333333333333370e-01 7.047858238834240296e+01 4.944423561085363872e+02
5.000000000000000000e-01 6.223787645320012984e+01 4.944423561085363872e+02
5.166666666666666075e-01 5.399717051805785673e+01 4.944423561085363872e+02
5.333333333333333259e-01 4.575646458291558361e+01 4.944423561085363872e+02
5.500000000000000444e-01 3.751575864777331049e+01 4.944423561085363872e+02
5.666666666666666519e-01 2.927505271263103737e+01 4.944423561085362735e+02
5.833333333333333703e-01 2.103434677748876780e+01 4.716148852992213847e+02
5.999999999999999778e-01 1.355455653599032395e+01 4.161274323497254954e+02
6.166666666666666963e-01 7.163432365831252646e+00 3.434548075251384489e+02
6.333333333333333037e-01 2.106062951819043683e+00 2.605050705807411191e+02
6.500000000000000222e-01 -1.520069986860117739e+00 1.765137246266147031e+02
6.666666666666666297e-01 -3.777727869068113087e+00 1.000234989815738800e+02
6.833333333333333481e-01 -4.854186619579246909e+00 3.709417833828601374e+01
6.999999999999999556e-01 -5.014200480344313426e+00 -8.967763092162917005e+00
7.166666666666666741e-01 -4.555261183173816342e+00 -3.734321018644873647e+01
7.333333333333332815e-01 -3.769426807462688878e+00 -4.932298150367976319e+01
7.500000000000000000e-01 -2.911161799717824294e+00 -4.770744137708204846e+01
7.666666666666666075e-01 -2.179178761559954047e+00 -3.605707598739662245e+01
7.833333333333333259e-01 -1.709259266804603605e+00 -1.805875643672182917e+01
8.000000000000000444e-01 -1.577220213669226379e+00 2.587553895753005317e+00
8.166666666666666519e-01 -1.795511063329703783e+00 2.187846304175620560e+01
8.333333333333333703e-01 -2.306502315061099928e+00 3.561694518846501722e+01
8.499999999999999778e-01 -2.982742569611871009e+00 4.041390772228494654e+01
8.666666666666666963e-01 -3.653632572470598028e+00 3.505495297637325791e+01
8.833333333333333037e-01 -4.151241002157646243e+00 2.108289954168176550e+01
9.000000000000000222e-01 -4.356395890526656878e+00 2.209339252452853231e+00
9.166666666666666297e-01 -4.224885643906074684e+00 -1.704681310824856055e+01
9.333333333333333481e-01 -3.788168786918371556e+00 -3.262453755583022996e+01
9.499999999999999556e-01 -3.137401058711733803e+00 -4.177096926879530514e+01
9.666666666666666741e-01 -2.395803144625194836e+00 -4.356894721454649044e+01
9.833333333333332815e-01 -1.685102818226850818e+00 -3.911118176951713110e+01
1.000000000000000000e+00 -1.092097085641290377e+00 -3.085801321565721977e+01
1.016666666666666607e+00 -6.565023777049433518e-01 -2.143685400275216324e+01
1.033333333333333215e+00 -3.775352855495516247e-01 -1.279266474239288165e+01
1.050000000000000044e+00 -2.300802196251806597e-01 -6.109895777357295721e+00
1.066666666666666652e+00 -1.738720929709751117e-01 -1.904139740072839926e+00
1.083333333333333259e+00 -1.666088949560859955e-01 3.075195331592811554e-02
1.100000000000000089e+00 -1.748971580815060489e-01 6.084621496872797408e-01
1.116666666666666696e+00 -1.868909666123286517e-01 1.024534395419971711e+00
1.133333333333333304e+00 -2.090483045955051078e-01 2.148896533862757696e+00
1.149999999999999911e+00 -2.585208510744205768e-01 4.308760016276925953e+00
1.166666666666666741e+00 -3.526736384714026507e-01 7.679464429862228769e+00
1.183333333333333348e+00 -5.145029987364948543e-01 1.235799872719491610e+01
1.199999999999999956e+00 -7.646069293778998688e-01 1.773362539907549973e+01
1.216666666666666563e+00 -1.105623845372344816e+00 2.234139914240630276e+01
1.233333333333333393e+00 -1.509320234124776672e+00 2.475470676732535580e+01
1.250000000000000000e+00 -1.930780737616523357e+00 2.437920380117293817e+01
1.266666666666666607e+00 -2.321960360830541248e+00 2.132761425421364265e+01
1.283333333333333215e+00 -2.641701212756978112e+00 1.607486805898811966e+01
1.300000000000000044e+00 -2.857789296130145207e+00 9.408843416462500997e+00
1.316666666666666652e+00 -2.955329326639061449e+00 2.495665162718330166e+00
1.333333333333333259e+00 -2.940978134887422879e+00 -3.311745556437095672e+00
1.350000000000000089e+00 -2.844937808091158260e+00 -7.034102481363979642e+00
1.366666666666666696e+00 -2.706508052175290224e+00 -8.584333256265198386e+00
1.383333333333333304e+00 -2.558793366215651677e+00 -8.591109741203277750e+00
1.399999999999999911e+00 -2.420137727468514299e+00 -7.827758150564765316e+00
1.416666666666666741e+00 -2.297868094530159500e+00 -6.886543193690695119e+00
1.433333333333333348e+00 -2.190586287678824462e+00 -6.149187879162116843e+00
1.449999999999999956e+00 -2.092895165224755605e+00 -5.694499661723328998e+00
1.466666666666666563e+00 -2.000769632288046829e+00 -5.309625668264406073e+00
1.483333333333333393e+00 -1.915907642949275402e+00 -4.680414286737053509e+00
1.500000000000000000e+00 -1.844755822730145045e+00 -3.545636303648840304e+00
1.516666666666666607e+00 -1.797719766160980726e+00 -1.737214734844934050e+00
1.533333333333333215e+00 -1.786848664901980577e+00 7.282727893929075158e-01
1.550000000000000044e+00 -1.821995525807410976e+00 3.550740655221449327e+00
1.566666666666666652e+00 -1.905206686742695554e+00 6.202456879901208531e+00
1.583333333333333259e+00 -2.028744088470784579e+00 8.183294945759167049e+00
1.600000000000000089e+00 -2.177983184934667804e+00 9.259696893398814410e+00
1.616666666666666696e+00 -2.337400651584078393e+00 9.468507539662027739e+00
1.633333333333333304e+00 -2.493600102923402062e+00 8.904298408094559747e+00
1.649999999999999911e+00 -2.634210598520563718e+00 7.605993715219598883e+00
1.666666666666666741e+00 -2.747133226764055358e+00 5.683721096747373913e+00
1.683333333333333348e+00 -2.823667968412142848e+00 3.411725821524367319e+00
1.699999999999999956e+00 -2.860857420814867602e+00 1.092929945213114706e+00
1.716666666666666563e+00 -2.860098966585913338e+00 -1.063439654060220896e+00
1.733333333333333393e+00 -2.825409432346193572e+00 -3.087228994919812841e+00
1.750000000000000000e+00 -2.757191333421919577e+00 -5.072768295756748813e+00
1.766666666666666607e+00 -2.656317155820968612e+00 -6.707737596616252240e+00
1.783333333333333215e+00 -2.533600080201377835e+00 -7.212264099655416594e+00
1.800000000000000044e+00 -2.415908352499121392e+00 -6.271594840716345765e+00
1.816666666666666652e+00 -2.324546918844166310e+00 -4.654393232942921621e+00
1.833333333333333259e+00 -2.260761911401024005e+00 -3.497512495463208637e+00
1.849999999999999867e+00 -2.207963168995392689e+00 -3.659836792687998219e+00
1.866666666666666696e+00 -2.138767351644757397e+00 -5.548460838596711575e+00
1.883333333333333304e+00 -2.023014474375502303e+00 -8.922145979792411197e+00
1.899999999999999911e+00 -1.841362485651677039e+00 -1.301350211854724748e+01
1.916666666666666741e+00 -1.589231070423927417e+00 -1.696573102246673059e+01
1.933333333333333348e+00 -1.275838118236119367e+00 -1.980912775630808653e+01
1.949999999999999956e+00 -9.289268118803245544e-01 -2.053891508578098879e+01
1.966666666666666563e+00 -5.912076153767530373e-01 -1.933963153918550049e+01
1.983333333333333393e+00 -2.842724272408079234e-01 -1.773622846130260200e+01
2.000000000000000000e+00 3.330669073875469621e-16 -1.705634563444849405e+01
