0.000000000000000000e+00 2.927281546815378306e+02 5.014832569222585335e+02
1.666666666666666644e-02 2.843701003995001884e+02 5.014832569222585335e+02
3.333333333333333287e-02 2.760120461174625461e+02 5.014832569222585335e+02
5.000000000000000278e-02 2.676539918354249039e+02 5.014832569222585335e+02
6.666666666666666574e-02 2.592959375533872617e+02 5.014832569222568281e+02
8.333333333333332871e-02 2.509378832713496763e+02 5.014832569222559755e+02
1.000000000000000056e-01 2.425798289893120625e+02 5.014832569222568281e+02
1.166666666666666685e-01 2.342217747072744487e+02 5.014832569222568281e+02
1.333333333333333315e-01 2.258637204252368349e+02 5.014832569222568281e+02
1.499999999999999944e-01 2.175056661431992211e+02 5.014832569222568281e+02
1.666666666666666574e-01 2.091476118611616073e+02 5.014832569222568281e+02
1.833333333333333204e-01 2.007895575791239935e+02 5.014832569222568281e+02
2.000000000000000111e-01 1.924315032970863797e+02 5.014832569222568281e+02
2.166666666666666741e-01 1.840734490150487659e+02 5.014832569222568281e+02
2.333333333333333370e-01 1.757153947330111521e+02 5.014832569222568281e+02
2.500000000000000000e-01 1.673573404509735383e+02 5.014832569222568281e+02
2.666666666666666630e-01 1.589992861689359245e+02 5.014832569222568281e+02
2.833333333333333259e-01 1.506412318868983107e+02 5.014832569222568281e+02
2.999999999999999889e-01 1.422831776048606969e+02 5.014832569222568281e+02
3.166666666666666519e-01 1.339251233228230831e+02 5.014832569222572829e+02
3.333333333333333148e-01 1.255670690407854551e+02 5.014832569222572829e+02
3.499999999999999778e-01 1.172090147587478413e+02 5.014832569222568281e+02
3.666666666666666408e-01 1.088509604767102275e+02 5.014832569222568281e+02
3.833333333333333037e-01 1.004929061946726137e+02 5.014832569222568281e+02
4.000000000000000222e-01 9.213485191263499985e+01 5.014832569222568281e+02
4.166666666666666852e-01 8.377679763059738605e+01 5.014832569222568281e+02
4.333333333333333481e-01 7.541874334855977224e+01 5.014832569222568281e+02
4.500000000000000111e-01 6.706068906652215844e+01 5.014832569222568281e+02
4.666666666666666741e-01 5.870263478448454464e+01 5.014832569222568281e+02
4.833333333333333370e-01 5.034458050244693084e+01 5.014832569222568281e+02
5.000000000000000000e-01 4.198652622040931703e+01 5.014832569222568281e+02
5.166666666666666075e-01 3.362847193837170323e+01 5.014832569222567145e+02
5.333333333333333259e-01 2.527041765633409298e+01 5.014832569222567145e+02
5.500000000000000444e-01 1.691236337429647918e+01 4.645575685626462814e+02
5.666666666666666519e-01 9.785165370912549676e+00 3.879862992640169068e+02
5.833333333333333703e-01 3.979486732162582197e+00 3.093123196019772649e+02
5.999999999999999778e-01 -5.252452824866915559e-01 2.358780368636148239e+02
6.166666666666666963e-01 -3.883114496624578305e+00 1.788347955114550416e+02
6.333333333333333037e-01 -6.486405132868526380e+00 1.423134855300695563e+02
6.500000000000000222e-01 -8.626897347626897528e+00 1.166555487989238173e+02
6.666666666666666297e-01 -1.037492342616598684e+01 9.096423300963513725e+01
6.833333333333333481e-01 -1.165903844794806865e+01 6.509425716475904267e+01
6.999999999999999556e-01 -1.254473199832462171e+01 4.332873157575999556e+01
7.166666666666666741e-01 -1.310332950047340184e+01 2.554907539787675930e+01
7.333333333333332815e-01 -1.339636784492051369e+01 1.147901146216661061e+01
7.500000000000000000e-01 -1.348596321587895552e+01 2.294338623525860044e-01
7.666666666666666075e-01 -1.340401564033226656e+01 -9.879566198550282508e+00
7.833333333333333259e-01 -1.315664434259394611e+01 -1.905731043248596990e+01
8.000000000000000444e-01 -1.276877195924940089e+01 -2.543552320192905114e+01
8.166666666666666519e-01 -1.230879356919631107e+01 -2.749553409452410335e+01
8.333333333333333703e-01 -1.185225415609859745e+01 -2.609099610135970693e+01
8.499999999999999778e-01 -1.143909369915098750e+01 -2.311513588039291633e+01
8.666666666666666963e-01 -1.108174962675216690e+01 -1.968890850884529087e+01
8.833333333333333037e-01 -1.078279674885614448e+01 -1.593466620150472579e+01
9.000000000000000222e-01 -1.055059408670200938e+01 -1.197340003195984437e+01
9.166666666666666297e-01 -1.038368341445748300e+01 -9.066488387672411164e+00
9.333333333333333481e-01 -1.024837780711292901e+01 -8.638962500677394019e+00
9.499999999999999556e-01 -1.009571799776823653e+01 -1.008437228676774211e+01
9.666666666666666741e-01 -9.912232064220670935e+00 -1.142436158719780437e+01
9.833333333333332815e-01 -9.714905944861643050e+00 -1.205365818216861840e+01
1.000000000000000000e+00 -9.510443458148383655e+00 -1.276756026774281239e+01
1.016666666666666607e+00 -9.289320602603549304e+00 -1.390763679754440929e+01
1.033333333333333215e+00 -9.046855564896903346e+00 -1.500514729780697110e+01
1.050000000000000044e+00 -8.789149026009983601e+00 -1.551084517451862155e+01
1.066666666666666652e+00 -8.529827392412949294e+00 -1.540301415377511418e+01
1.083333333333333259e+00 -8.275715220884146461e+00 -1.526887830181117067e+01
1.100000000000000089e+00 -8.020864782352576938e+00 -1.537946455919863453e+01
1.116666666666666696e+00 -7.763066402244191977e+00 -1.512439664030160280e+01
1.133333333333333304e+00 -7.516718227675856845e+00 -1.433478413402635709e+01
1.149999999999999911e+00 -7.285240264443313407e+00 -1.379567909621741251e+01
1.166666666666666741e+00 -7.056862257801943095e+00 -1.393002430906928879e+01
1.183333333333333348e+00 -6.820906120807670447e+00 -1.451725382696300137e+01
1.199999999999999956e+00 -6.572953796903176382e+00 -1.526738366988300122e+01
1.216666666666666563e+00 -6.311993331811570407e+00 -1.590929013808117354e+01
1.233333333333333393e+00 -6.042644125633803931e+00 -1.636162555310789202e+01
1.250000000000000000e+00 -5.766605813374640732e+00 -1.691774573844066154e+01
1.266666666666666607e+00 -5.478719267685781880e+00 -1.744955089520436431e+01
1.283333333333333215e+00 -5.184954116867828589e+00 -1.725601837005661565e+01
1.300000000000000044e+00 -4.903518655350561417e+00 -1.626064857472333713e+01
1.316666666666666652e+00 -4.642932497710384077e+00 -1.494544578819322567e+01
1.333333333333333259e+00 -4.405337129077453895e+00 -1.352235514013880646e+01
1.350000000000000089e+00 -4.192187326372423861e+00 -1.205002255562962254e+01
1.366666666666666696e+00 -4.003669710556466477e+00 -1.062266382229087291e+01
1.383333333333333304e+00 -3.838098532296061460e+00 -9.239071582840843178e+00
1.399999999999999911e+00 -3.695700657795105037e+00 -8.060616670730924582e+00
1.416666666666666741e+00 -3.569411309938363974e+00 -7.458785587547325235e+00
1.433333333333333348e+00 -3.447074471543527530e+00 -7.399172725100000569e+00
1.449999999999999956e+00 -3.322772219101697289e+00 -7.460898382197331813e+00
1.466666666666666563e+00 -3.198377858803616469e+00 -7.338910170641299580e+00
1.483333333333333393e+00 -3.078141880080320636e+00 -6.974738430084284069e+00
1.500000000000000000e+00 -2.965886577800807000e+00 -6.548177018959582263e+00
1.516666666666666607e+00 -2.859869312781667894e+00 -6.330088566133103001e+00
1.533333333333333215e+00 -2.754883625596370234e+00 -6.262490475858850658e+00
1.550000000000000044e+00 -2.651119630253039539e+00 -6.083321783558002238e+00
1.566666666666666652e+00 -2.552106232811103492e+00 -5.726816497758107083e+00
1.583333333333333259e+00 -2.460225746994435969e+00 -5.332995248727896431e+00
1.600000000000000089e+00 -2.374339724520173611e+00 -5.003356075819871407e+00
1.616666666666666696e+00 -2.293447211133773589e+00 -4.596893625598172939e+00
1.633333333333333304e+00 -2.221109937000234513e+00 -3.916008525225840309e+00
1.649999999999999911e+00 -2.162913593626245579e+00 -3.127389884959352884e+00
1.666666666666666741e+00 -2.116863607501589417e+00 -2.737071975433864601e+00
1.683333333333333348e+00 -2.071677861111783425e+00 -2.954487519062647394e+00
1.699999999999999956e+00 -2.018380690199501171e+00 -3.402946888905475920e+00
1.716666666666666563e+00 -1.958246298148267561e+00 -3.609914057751284489e+00
1.733333333333333393e+00 -1.898050221607791688e+00 -3.526311522240421770e+00
1.750000000000000000e+00 -1.840702580740253502e+00 -3.552748254322610766e+00
1.766666666666666607e+00 -1.779625279797037996e+00 -4.007606749833774629e+00
1.783333333333333215e+00 -1.707115689079127696e+00 -4.741709146440860501e+00
1.800000000000000044e+00 -1.621568308249009327e+00 -5.584411090831247648e+00
1.816666666666666652e+00 -1.520968652718086123e+00 -6.729533855530713815e+00
1.833333333333333259e+00 -1.397250513064652200e+00 -7.944741869425442360e+00
1.849999999999999867e+00 -1.256143923737238044e+00 -9.205485202941277478e+00
1.866666666666666696e+00 -1.090401006299942965e+00 -1.076593382710677815e+01
1.883333333333333304e+00 -8.972794628336787648e-01 -1.216815758201384590e+01
1.899999999999999911e+00 -6.847957535661480799e-01 -1.241388016930965144e+01
1.916666666666666741e+00 -4.834834571900237243e-01 -1.135486393250372217e+01
1.933333333333333348e+00 -3.063002891493573632e-01 -9.731430837510892218e+00
1.949999999999999956e+00 -1.591024292729940059e-01 -7.266907551726788483e+00
1.966666666666666563e+00 -6.407003742513109334e-02 -4.220711962570182330e+00
1.983333333333333393e+00 -1.841203052065459866e-02 -1.922101122753934854e+00
2.000000000000000000e+00 7.112366251504909087e-17 -1.104721831239280139e+00
