0.000000000000000000e+00 4.154512392666105143e+02 6.253646909054009484e+02
1.666666666666666644e-02 4.050284944181871651e+02 6.253646909054009484e+02
3.333333333333333287e-02 3.946057495697638160e+02 6.253646909054009484e+02
5.000000000000000278e-02 3.841830047213404669e+02 6.253646909054009484e+02
6.666666666666666574e-02 3.737602598729171177e+02 6.253646909054009484e+02
8.333333333333332871e-02 3.633375150244937686e+02 6.253646909054009484e+02
1.000000000000000056e-01 3.529147701760704194e+02 6.253646909054009484e+02
1.166666666666666685e-01 3.424920253276470703e+02 6.253646909054009484e+02
1.333333333333333315e-01 3.320692804792237212e+02 6.253646909054009484e+02
1.499999999999999944e-01 3.216465356308003720e+02 6.253646909054009484e+02
1.666666666666666574e-01 3.112237907823770229e+02 6.253646909054009484e+02
1.833333333333333204e-01 3.008010459339536737e+02 6.253646909054009484e+02
2.000000000000000111e-01 2.903783010855303246e+02 6.253646909054009484e+02
2.166666666666666741e-01 2.799555562371069755e+02 6.253646909054009484e+02
2.333333333333333370e-01 2.695328113886836263e+02 6.253646909054009484e+02
2.500000000000000000e-01 2.591100665402602772e+02 6.253646909054009484e+02
2.666666666666666630e-01 2.486873216918369280e+02 6.253646909054009484e+02
2.833333333333333259e-01 2.382645768434135789e+02 6.253646909054009484e+02
2.999999999999999889e-01 2.278418319949902298e+02 6.253646909054009484e+02
3.166666666666666519e-01 2.174190871465668806e+02 6.253646909054009484e+02
3.333333333333333148e-01 2.069963422981435315e+02 6.253646909054009484e+02
3.499999999999999778e-01 1.965735974497201823e+02 6.253646909054009484e+02
3.666666666666666408e-01 1.861508526012968332e+02 6.253646909054009484e+02
3.833333333333333037e-01 1.757281077528734841e+02 6.253646909054009484e+02
4.000000000000000222e-01 1.653053629044501349e+02 6.253646909054009484e+02
4.166666666666666852e-01 1.548826180560267858e+02 6.253646909054009484e+02
4.333333333333333481e-01 1.444598732076034366e+02 6.253646909054009484e+02
4.500000000000000111e-01 1.340371283591800875e+02 6.253646909054009484e+02
4.666666666666666741e-01 1.236143835107567384e+02 6.253646909054009484e+02
4.833333333333333370e-01 1.131916386623333892e+02 6.253646909054009484e+02
5.000000000000000000e-01 1.027688938139100401e+02 6.253646909054009484e+02
5.166666666666666075e-01 9.234614896548669094e+01 6.253646909054009484e+02
5.333333333333333259e-01 8.192340411706334180e+01 6.253646909054014031e+02
5.500000000000000444e-01 7.150065926863997845e+01 6.253646909054016305e+02
5.666666666666666519e-01 6.107791442021662220e+01 6.253646909054014031e+02
5.833333333333333703e-01 5.065516957179326596e+01 6.253646909054014031e+02
5.999999999999999778e-01 4.023242472336990971e+01 6.253646909054014031e+02
6.166666666666666963e-01 2.980967987494655347e+01 5.620452070893869632e+02
6.333333333333333037e-01 2.149758448705701142e+01 4.345717314577045727e+02
6.500000000000000222e-01 1.532395549302306748e+01 3.118589449228368267e+02
6.666666666666666297e-01 1.110228632296245088e+01 2.079213063403950343e+02
6.833333333333333481e-01 8.393245281676566805e+00 1.426670521747614941e+02
6.999999999999999556e-01 6.346717917137067566e+00 1.191966500002188525e+02
7.166666666666666741e-01 4.420023615002604878e+00 1.131496834552336850e+02
7.333333333333332815e-01 2.575061801962611252e+00 1.008872285758417888e+02
7.500000000000000000e-01 1.057115995807878406e+00 8.298596585540390436e+01
7.666666666666666075e-01 -1.911370598841855284e-01 6.889694187201176589e+01
7.833333333333333259e-01 -1.239448733259180369e+00 5.828802110468667053e+01
8.000000000000000444e-01 -2.134071096707074400e+00 4.963244916127050743e+01
8.166666666666666519e-01 -2.893863705301530587e+00 4.141810085190893886e+01
8.333333333333333703e-01 -3.514674458437372362e+00 3.308819638605535829e+01
8.499999999999999778e-01 -3.996803584836709167e+00 2.472139061946191063e+01
8.666666666666666963e-01 -4.338720812419436079e+00 1.590054013745627692e+01
8.833333333333333037e-01 -4.526821589418585035e+00 6.350338971653899378e+00
9.000000000000000222e-01 -4.550398778141232725e+00 -3.062571416616846065e+00
9.166666666666666297e-01 -4.424735875531356832e+00 -1.128222351773026766e+01
9.333333333333333481e-01 -4.174324660883557137e+00 -1.796547250165392384e+01
9.499999999999999556e-01 -3.825886792142892734e+00 -2.273014597285561678e+01
9.666666666666666741e-01 -3.416653128455036548e+00 -2.519613510693891456e+01
9.833333333333332815e-01 -2.986015621911595641e+00 -2.548771396007910894e+01
1.000000000000000000e+00 -2.567062663119066279e+00 -2.391266429827496509e+01
1.016666666666666607e+00 -2.188926811969096775e+00 -2.094903855363651601e+01
1.033333333333333215e+00 -1.868761377997849138e+00 -1.759534774837914028e+01
1.050000000000000044e+00 -1.602415220356458780e+00 -1.454562087762208478e+01
1.066666666666666652e+00 -1.383907348743779631e+00 -1.168078355884783903e+01
1.083333333333333259e+00 -1.213055768394864176e+00 -9.055934016222392913e+00
1.100000000000000089e+00 -1.082042881536366519e+00 -7.139809739568353741e+00
1.116666666666666696e+00 -9.750621104092523916e-01 -5.964640324582493491e+00
1.133333333333333304e+00 -8.832215373836167505e-01 -5.185882456369206750e+00
1.149999999999999911e+00 -8.021993618636121814e-01 -4.557469967362351326e+00
1.166666666666666741e+00 -7.313058718048717211e-01 -3.849476382470440328e+00
1.183333333333333348e+00 -6.738834824479308372e-01 -3.084962893996050504e+00
1.199999999999999956e+00 -6.284737753383367043e-01 -2.616850085634463419e+00
1.216666666666666563e+00 -5.866551462601153899e-01 -2.407302791315532264e+00
1.233333333333333393e+00 -5.482303489611523029e-01 -1.982673334222436745e+00
1.250000000000000000e+00 -5.205660351193674984e-01 -1.288263128286890602e+00
1.266666666666666607e+00 -5.052882446849226161e-01 -6.564799703917556517e-01
1.283333333333333215e+00 -4.986833694396423100e-01 -2.188801019670172376e-01
1.300000000000000044e+00 -4.979922412860220415e-01 7.936829318409777123e-02
1.316666666666666652e+00 -5.013289792124455690e-01 2.385107671494390846e-01
1.333333333333333259e+00 -5.059426001910033444e-01 1.905576501668859724e-01
1.350000000000000089e+00 -5.076809008846751015e-01 -1.425704812856487536e-01
1.366666666666666696e+00 -5.011902508148150526e-01 -7.366334210761144030e-01
1.383333333333333304e+00 -4.831264535154712880e-01 -1.471787740687001689e+00
1.399999999999999911e+00 -4.521306594585816629e-01 -2.310780834033884901e+00
1.416666666666666741e+00 -4.061004257143417950e-01 -3.231846004208356771e+00
1.433333333333333348e+00 -3.444024593183031002e-01 -4.074438313710199822e+00
1.449999999999999956e+00 -2.702858152573351380e-01 -4.730111942932210489e+00
1.466666666666666563e+00 -1.867320612205627395e-01 -5.215585207676490143e+00
1.483333333333333393e+00 -9.643297500145213419e-02 -5.544311445012154671e+00
1.500000000000000000e+00 -1.921679720157581928e-03 -5.681510563058701280e+00
1.516666666666666607e+00 9.295071043383790199e-02 -5.513285453932661007e+00
1.533333333333333215e+00 1.818545020775977905e-01 -4.991633089473286766e+00
1.550000000000000044e+00 2.593384800829474646e-01 -4.366443651472643239e+00
1.566666666666666652e+00 3.274026237933525540e-01 -3.952098965814880849e+00
1.583333333333333259e+00 3.910751122767768262e-01 -3.659587229653745055e+00
1.600000000000000089e+00 4.493888647818107263e-01 -3.234110622769141852e+00
1.616666666666666696e+00 4.988787997024148879e-01 -2.718647548423722693e+00
1.633333333333333304e+00 5.400104497292681494e-01 -2.279316801217957877e+00
1.649999999999999911e+00 5.748560264096801431e-01 -1.931408081275305388e+00
1.666666666666666741e+00 6.043907191051116623e-01 -1.588916981476349299e+00
1.683333333333333348e+00 6.278199257922251197e-01 -1.165271392059333833e+00
1.699999999999999956e+00 6.432330988404227901e-01 -6.754058209814750580e-01
1.716666666666666563e+00 6.503334531582742883e-01 -2.681930461732839888e-01
1.733333333333333393e+00 6.521728670461989230e-01 -1.733062148266628633e-02
1.750000000000000000e+00 6.509111405410298312e-01 2.211075089914049663e-01
1.766666666666666607e+00 6.448026167464854241e-01 5.602102004931697188e-01
1.783333333333333215e+00 6.322374671912575073e-01 9.232284061426943023e-01
1.800000000000000044e+00 6.140283365417289474e-01 1.204371654290047333e+00
1.816666666666666652e+00 5.920917453815892628e-01 1.435584480300183818e+00
1.833333333333333259e+00 5.661755205317228201e-01 1.273939095483402895e+00
1.849999999999999867e+00 5.496271088654758330e-01 9.907677647969659329e-01
1.866666666666666696e+00 5.331499283718239557e-01 1.537730712884121109e+00
1.883333333333333304e+00 4.983694184360051294e-01 3.076237883013636765e+00
1.899999999999999911e+00 4.306086656047027339e-01 4.599123852966968684e+00
1.916666666666666741e+00 3.450652900037728399e-01 5.374569796932960664e+00
1.933333333333333348e+00 2.514563390402707044e-01 5.538365982696396017e+00
1.949999999999999956e+00 1.604530905805596486e-01 5.527092439081556563e+00
1.966666666666666563e+00 6.721992440421882542e-02 5.152264481035648380e+00
1.983333333333333393e+00 -1.128905878729531513e-02 3.441194336831635781e+00
2.000000000000000000e+00 -4.748655349016903116e-02 2.171849682172422913e+00
