0.000000000000000000e+00 3.853246554626412603e+02 7.960260488417259239e+02
1.666666666666666644e-02 3.720575546486124949e+02 7.960260488417259239e+02
3.333333333333333287e-02 3.587904538345837295e+02 7.960260488417259239e+02
5.000000000000000278e-02 3.455233530205549641e+02 7.960260488417259239e+02
6.666666666666666574e-02 3.322562522065261987e+02 7.960260488417259239e+02
8.333333333333332871e-02 3.189891513924974333e+02 7.960260488417259239e+02
1.000000000000000056e-01 3.057220505784686679e+02 7.960260488417259239e+02
1.166666666666666685e-01 2.924549497644399025e+02 7.960260488417259239e+02
1.333333333333333315e-01 2.791878489504111371e+02 7.960260488417259239e+02
1.499999999999999944e-01 2.659207481363823717e+02 7.960260488417259239e+02
1.666666666666666574e-01 2.526536473223536063e+02 7.960260488417259239e+02
1.833333333333333204e-01 2.393865465083248409e+02 7.960260488417259239e+02
2.000000000000000111e-01 2.261194456942960755e+02 7.960260488417259239e+02
2.166666666666666741e-01 2.128523448802673101e+02 7.960260488417259239e+02
2.333333333333333370e-01 1.995852440662385447e+02 7.960260488417259239e+02
2.500000000000000000e-01 1.863181432522097793e+02 7.960260488417259239e+02
2.666666666666666630e-01 1.730510424381810139e+02 7.960260488417259239e+02
2.833333333333333259e-01 1.597839416241522486e+02 7.960260488417259239e+02
2.999999999999999889e-01 1.465168408101234832e+02 7.960260488417259239e+02
3.166666666666666519e-01 1.332497399960947178e+02 7.960260488417263787e+02
3.333333333333333148e-01 1.199826391820659381e+02 7.960260488417268334e+02
3.499999999999999778e-01 1.067155383680371585e+02 7.960260488417268334e+02
3.666666666666666408e-01 9.344843755400837892e+01 7.960260488417268334e+02
3.833333333333333037e-01 8.018133673997959932e+01 7.960260488417268334e+02
4.000000000000000222e-01 6.691423592595081971e+01 7.960260488417268334e+02
4.166666666666666852e-01 5.364713511192204010e+01 7.960260488417268334e+02
4.333333333333333481e-01 4.038003429789326049e+01 7.960260488417268334e+02
4.500000000000000111e-01 2.711293348386448088e+01 7.104906633335036759e+02
4.666666666666666741e-01 1.669701218677647248e+01 5.365859674717746657e+02
4.833333333333333370e-01 9.226734568138660109e+00 3.669835865966139750e+02
5.000000000000000000e-01 4.464225966889340036e+00 2.220754885899226565e+02
5.166666666666666075e-01 1.824218281807904685e+00 1.280603093850008918e+02
5.333333333333333259e-01 1.955489873893106190e-01 9.046567723077502876e+01
5.500000000000000444e-01 -1.191304292551262911e+00 8.078122894989162717e+01
5.666666666666666519e-01 -2.497158644273743455e+00 6.778916066748307401e+01
5.833333333333333703e-01 -3.450942981467365556e+00 4.658542899609216192e+01
5.999999999999999778e-01 -4.050006277476815519e+00 2.473552100134101650e+01
6.166666666666666963e-01 -4.275460348178732772e+00 2.540985865045799486e+00
6.333333333333333037e-01 -4.134705806311675502e+00 -1.757574764502241393e+01
6.500000000000000222e-01 -3.689602093344652278e+00 -3.241715207091792905e+01
6.666666666666666297e-01 -3.054134070614411112e+00 -3.975748004239800082e+01
6.833333333333333481e-01 -2.364352758598052162e+00 -3.943175960228202825e+01
6.999999999999999556e-01 -1.739742083871676837e+00 -3.308813019301606317e+01
7.166666666666666741e-01 -1.261415085497516797e+00 -2.327473347862315833e+01
7.333333333333332815e-01 -9.639176345842381810e-01 -1.276848358703195530e+01
7.500000000000000000e-01 -8.357989659297849760e-01 -4.141623093245620169e+00
7.666666666666666075e-01 -8.258635314760508495e-01 8.784877348544739561e-01
7.833333333333333259e-01 -8.650818904249341079e-01 2.081525007297063912e+00
8.000000000000000444e-01 -8.952476983859529724e-01 6.871479896260412890e-01
8.166666666666666519e-01 -8.879868234124688176e-01 -1.682324947089237632e+00
8.333333333333333703e-01 -8.391702001496450514e-01 -4.032776327106515346e+00
8.499999999999999778e-01 -7.535609458422516393e-01 -6.102864310793316704e+00
8.666666666666666963e-01 -6.357413897898678279e-01 -7.846355721321366161e+00
8.833333333333333037e-01 -4.920157551315394451e-01 -9.139371659250681290e+00
9.000000000000000222e-01 -3.310956678148451182e-01 -9.891716267082879099e+00
9.166666666666666297e-01 -1.622918795621101917e-01 -1.015279844776989648e+01
9.333333333333333481e-01 7.330947110818084728e-03 -1.006761457916155500e+01
9.499999999999999556e-01 1.732952730766083305e-01 -9.793365845577730155e+00
9.666666666666666741e-01 3.337764752967424253e-01 -9.438983194955820721e+00
9.833333333333332815e-01 4.879280462418023046e-01 -8.995745501515489906e+00
1.000000000000000000e+00 6.336346586805921000e-01 -8.321721018435692230e+00
1.016666666666666607e+00 7.653187468563253937e-01 -7.226427799028758869e+00
1.033333333333333215e+00 8.745155853148840475e-01 -5.621811772965524590e+00
1.050000000000000044e+00 9.527124726218428874e-01 -3.591554684164747435e+00
1.066666666666666652e+00 9.942340747870422879e-01 -1.333037043629843321e+00
1.083333333333333259e+00 9.971470407428376648e-01 9.248334619310094595e-01
1.100000000000000089e+00 9.634062927226753059e-01 2.955182577790920195e+00
1.116666666666666696e+00 8.986409548164736583e-01 4.566354007886095800e+00
1.133333333333333304e+00 8.111944924598054607e-01 5.668215680091871711e+00
1.149999999999999911e+00 7.097004321467446086e-01 6.313271323902410082e+00
1.166666666666666741e+00 6.007521149963918061e-01 6.648350536455997606e+00
1.183333333333333348e+00 4.880887475982113588e-01 6.826042920990809115e+00
1.199999999999999956e+00 3.732173509633648356e-01 6.945595531565181169e+00
1.216666666666666563e+00 2.565688965460386495e-01 7.034164800590566813e+00
1.233333333333333393e+00 1.387451909436792918e-01 7.028924068122299751e+00
1.250000000000000000e+00 2.227142760862864737e-02 6.804432908242591616e+00
1.266666666666666607e+00 -8.806923933107377311e-02 6.266545599182121506e+00
1.283333333333333215e+00 -1.866134256974420480e-01 5.437666711278543730e+00
1.300000000000000044e+00 -2.693247963736918882e-01 4.457241973800075918e+00
1.316666666666666652e+00 -3.351881581574445712e-01 3.518173870543130466e+00
1.333333333333333259e+00 -3.865972587251295667e-01 2.788205395217608462e+00
1.350000000000000089e+00 -4.281283379980315162e-01 2.361371277147184422e+00
1.366666666666666696e+00 -4.653096346300357178e-01 2.240760324881144960e+00
1.383333333333333304e+00 -5.028203488274030075e-01 2.332565507742939914e+00
1.399999999999999911e+00 -5.430618182214670409e-01 2.462830587165527607e+00
1.416666666666666741e+00 -5.849147017329205944e-01 2.444437533935206464e+00
1.433333333333333348e+00 -6.245430693526405896e-01 2.155169926961184590e+00
1.449999999999999956e+00 -6.567536992982934141e-01 1.557994828030032641e+00
1.466666666666666563e+00 -6.764762302869750110e-01 6.782480748977193219e-01
1.483333333333333393e+00 -6.793619684615507248e-01 -4.152221815812406902e-01
1.500000000000000000e+00 -6.626354909009336547e-01 -1.616811164518963118e+00
1.516666666666666607e+00 -6.254682629775852876e-01 -2.799043156224305662e+00
1.533333333333333215e+00 -5.693340523601234660e-01 -3.833077445623833235e+00
1.550000000000000044e+00 -4.976990147901241834e-01 -4.614204185002537706e+00
1.566666666666666652e+00 -4.155272461933722239e-01 -5.083571581096401282e+00
1.583333333333333259e+00 -3.282466287535774629e-01 -5.241898998169999935e+00
1.600000000000000089e+00 -2.407972795877055538e-01 -5.143923837007078781e+00
1.616666666666666696e+00 -1.567825008533414999e-01 -4.879026997080605277e+00
1.633333333333333304e+00 -7.816304635168538906e-02 -4.537345157920090521e+00
1.649999999999999911e+00 -5.537662256005174144e-03 -4.170441138787153612e+00
1.666666666666666741e+00 6.085165827455305682e-02 -3.773230754569504075e+00
1.683333333333333348e+00 1.202366962296449598e-01 -3.302156519130202028e+00
1.699999999999999956e+00 1.709235422455597786e-01 -2.709075936420860753e+00
1.716666666666666563e+00 2.105392274436736488e-01 -1.973011885048221448e+00
1.733333333333333393e+00 2.366906050805004935e-01 -1.127657559341581184e+00
1.750000000000000000e+00 2.481278127550596846e-01 -2.655006354456851403e-01
1.766666666666666607e+00 2.455406262620233315e-01 4.980135071751010112e-01
1.783333333333333215e+00 2.315273625158896509e-01 1.072227848923904325e+00
1.800000000000000044e+00 2.097996979645598559e-01 1.418998871823449859e+00
1.816666666666666652e+00 1.842274001217746593e-01 1.559219416620109655e+00
1.833333333333333259e+00 1.578257174105562044e-01 1.545315337595817518e+00
1.849999999999999867e+00 1.327168888685807402e-01 1.468073518412408518e+00
1.866666666666666696e+00 1.088899334634759186e-01 1.409216773441814397e+00
1.883333333333333304e+00 8.574299642052025938e-02 1.372148230946716785e+00
1.899999999999999911e+00 6.315165909858536097e-02 1.299144958554443230e+00
1.916666666666666741e+00 4.243816446870548459e-02 1.152551841550430556e+00
1.933333333333333348e+00 2.473326438023768295e-02 9.356889400736339013e-01
1.949999999999999956e+00 1.124853313291768707e-02 6.888235299140952339e-01
1.966666666666666563e+00 1.772480049767843815e-03 4.583440322997978655e-01
1.983333333333333393e+00 -4.029601277075575000e-03 2.396601223669959091e-01
2.000000000000000000e+00 -6.216190695798685939e-03 1.311953651233866702e-01
